1 0.7524038461538461 0.13701923076923078 0.4855769230769231 0.21394230769230768
1 0.7379807692307693 0.24519230769230768 0.5240384615384616 0.27403846153846156
1 0.7295673076923077 0.390625 0.5408653846153846 0.2860576923076923
1 0.71875 0.5552884615384616 0.5552884615384616 0.28846153846153844
1 0.7055288461538461 0.7139423076923077 0.5625 0.2764423076923077
1 0.6850961538461539 0.8701923076923077 0.5625 0.25961538461538464
1 0.6742788461538461 0.9579326923076923 0.5456730769230769 0.08413461538461539
1 0.2956730769230769 0.23197115384615385 0.4110576923076923 0.18990384615384615
1 0.3004807692307692 0.33533653846153844 0.3629807692307692 0.21394230769230768
1 0.3329326923076923 0.4579326923076923 0.27884615384615385 0.1971153846153846
1 0.3137019230769231 0.5949519230769231 0.29086538461538464 0.20432692307692307
1 0.2920673076923077 0.7403846153846154 0.3004807692307692 0.2091346153846154