1 0.7680288461538461 0.15985576923076922 0.4639423076923077 0.25240384615384615
1 0.7451923076923077 0.265625 0.5096153846153846 0.31490384615384615
1 0.7307692307692307 0.4110576923076923 0.5384615384615384 0.3269230769230769
1 0.7127403846153846 0.5745192307692307 0.5697115384615384 0.3317307692307692
1 0.6862980769230769 0.7307692307692307 0.5745192307692307 0.31971153846153844
1 0.6502403846153846 0.8665865384615384 0.5745192307692307 0.2668269230769231
1 0.6310096153846154 0.9543269230769231 0.5456730769230769 0.09134615384615384
1 0.31971153846153844 0.21514423076923078 0.4182692307692308 0.22115384615384615
1 0.3161057692307692 0.31850961538461536 0.375 0.24278846153846154
1 0.33653846153846156 0.44350961538461536 0.29086538461538464 0.21634615384615385
1 0.30649038461538464 0.578125 0.30288461538461536 0.22355769230769232
1 0.27163461538461536 0.7211538461538461 0.3125 0.23317307692307693