1 0.6490384615384616 0.10096153846153846 0.49038461538461536 0.20192307692307693
1 0.6694711538461539 0.19110576923076922 0.5432692307692307 0.2980769230769231
1 0.6947115384615384 0.33533653846153844 0.5504807692307693 0.31009615384615385
1 0.7211538461538461 0.4963942307692308 0.5576923076923077 0.31490384615384615
1 0.734375 0.6514423076923077 0.53125 0.30288461538461536
1 0.7451923076923077 0.8125 0.5096153846153846 0.2932692307692308
1 0.7608173076923077 0.9194711538461539 0.47836538461538464 0.15625
1 0.23317307692307693 0.29447115384615385 0.41586538461538464 0.2091346153846154
1 0.265625 0.3918269230769231 0.3701923076923077 0.23076923076923078
1 0.328125 0.5024038461538461 0.2860576923076923 0.2091346153846154
1 0.3449519230769231 0.640625 0.2980769230769231 0.21634615384615385
1 0.36177884615384615 0.7860576923076923 0.3076923076923077 0.22355769230769232