1 0.7740384615384616 0.06490384615384616 0.18509615384615385 0.08413461538461539
1 0.8137019230769231 0.14423076923076922 0.37259615384615385 0.2548076923076923
1 0.8088942307692307 0.23798076923076922 0.38221153846153844 0.2980769230769231
1 0.6598557692307693 0.47115384615384615 0.6802884615384616 0.5096153846153846
1 0.6069711538461539 0.28365384615384615 0.055288461538461536 0.12740384615384615
1 0.6262019230769231 0.17307692307692307 0.06490384615384616 0.15625
1 0.6382211538461539 0.07091346153846154 0.055288461538461536 0.10576923076923077
1 0.5997596153846154 0.046875 0.055288461538461536 0.07692307692307693
1 0.5901442307692307 0.12740384615384615 0.07451923076923077 0.17307692307692307
1 0.5721153846153846 0.25 0.0625 0.16105769230769232
1 0.47475961538461536 0.19230769230769232 0.08173076923076923 0.17307692307692307
1 0.49399038461538464 0.04927884615384615 0.07451923076923077 0.0985576923076923
1 0.1502403846153846 0.44471153846153844 0.3004807692307692 0.27884615384615385
1 0.21995192307692307 0.2127403846153846 0.41586538461538464 0.4254807692307692
1 0.23557692307692307 0.0889423076923077 0.375 0.1778846153846154