1 0.7956730769230769 0.08052884615384616 0.1875 0.09375
1 0.8209134615384616 0.16346153846153846 0.3581730769230769 0.27403846153846156
1 0.8137019230769231 0.25721153846153844 0.37259615384615385 0.3173076923076923
1 0.65625 0.48197115384615385 0.6875 0.5408653846153846
1 0.6177884615384616 0.28966346153846156 0.06009615384615385 0.12740384615384615
1 0.6430288461538461 0.18028846153846154 0.07211538461538461 0.15625
1 0.6598557692307693 0.078125 0.06009615384615385 0.10817307692307693
1 0.6237980769230769 0.052884615384615384 0.06009615384615385 0.07932692307692307
1 0.609375 0.13341346153846154 0.08173076923076923 0.17307692307692307
1 0.5853365384615384 0.2548076923076923 0.07211538461538461 0.16346153846153846
1 0.49158653846153844 0.19110576923076922 0.09134615384615384 0.17548076923076922
1 0.5180288461538461 0.04927884615384615 0.07932692307692307 0.0985576923076923
1 0.15384615384615385 0.42427884615384615 0.3076923076923077 0.29086538461538464
1 0.23677884615384615 0.21033653846153846 0.43509615384615385 0.4206730769230769
1 0.25841346153846156 0.08653846153846154 0.38221153846153844 0.17307692307692307