1 0.75 0.051682692307692304 0.18269230769230768 0.07451923076923077
1 0.8052884615384616 0.12620192307692307 0.3894230769230769 0.23317307692307693
1 0.8040865384615384 0.22115384615384615 0.3918269230769231 0.27884615384615385
1 0.6634615384615384 0.46274038461538464 0.6730769230769231 0.47836538461538464
1 0.5949519230769231 0.2776442307692308 0.04807692307692308 0.125
1 0.609375 0.16706730769230768 0.057692307692307696 0.15384615384615385
1 0.6153846153846154 0.06370192307692307 0.05048076923076923 0.10336538461538461
1 0.5757211538461539 0.042067307692307696 0.052884615384615384 0.07451923076923077
1 0.5709134615384616 0.12379807692307693 0.06490384615384616 0.17067307692307693
1 0.5600961538461539 0.24759615384615385 0.055288461538461536 0.16105769230769232
1 0.45913461538461536 0.1935096153846154 0.07451923076923077 0.17067307692307693
1 0.4699519230769231 0.04807692307692308 0.06971153846153846 0.09615384615384616
1 0.14543269230769232 0.46153846153846156 0.29086538461538464 0.2644230769230769
1 0.20673076923076922 0.21634615384615385 0.39903846153846156 0.4326923076923077
1 0.2127403846153846 0.09134615384615384 0.36778846153846156 0.18269230769230768
1 0.09735576923076923 0.015625 0.10817307692307693 0.03125