1 0.9026442307692307 0.390625 0.19471153846153846 0.24519230769230768
1 0.9362980769230769 0.5961538461538461 0.12740384615384615 0.23557692307692307
1 0.9483173076923077 0.8040865384615384 0.10336538461538461 0.23317307692307693
1 0.8822115384615384 0.2536057692307692 0.15625 0.08173076923076923
1 0.7716346153846154 0.28725961538461536 0.14423076923076922 0.10336538461538461
1 0.7728365384615384 0.38822115384615385 0.22355769230769232 0.23076923076923078
1 0.7980769230769231 0.6069711538461539 0.19951923076923078 0.25
1 0.8197115384615384 0.8197115384615384 0.2091346153846154 0.25240384615384615
1 0.6947115384615384 0.6045673076923077 0.24278846153846154 0.2692307692307692
1 0.6754807692307693 0.8209134615384616 0.15384615384615385 0.23798076923076922
1 0.6790865384615384 0.3473557692307692 0.11057692307692307 0.11778846153846154
1 0.6117788461538461 0.3713942307692308 0.12740384615384615 0.11298076923076923
1 0.6370192307692307 0.46274038461538464 0.10817307692307693 0.15144230769230768
1 0.5348557692307693 0.5144230769230769 0.17067307692307693 0.20192307692307693
1 0.5360576923076923 0.6706730769230769 0.14423076923076922 0.1875
1 0.5528846153846154 0.8365384615384616 0.1466346153846154 0.20432692307692307
1 0.4735576923076923 0.40865384615384615 0.13701923076923078 0.15865384615384615
1 0.4411057692307692 0.5456730769230769 0.10096153846153846 0.1875
1 0.44591346153846156 0.6983173076923077 0.08653846153846154 0.18028846153846154
1 0.46033653846153844 0.8389423076923077 0.08173076923076923 0.16105769230769232
1 0.3605769230769231 0.49759615384615385 0.12740384615384615 0.15865384615384615
1 0.3858173076923077 0.5697115384615384 0.08173076923076923 0.18028846153846154
1 0.3942307692307692 0.703125 0.07211538461538461 0.17548076923076922
1 0.40865384615384615 0.8353365384615384 0.06971153846153846 0.16346153846153846
1 0.36538461538461536 0.8521634615384616 0.055288461538461536 0.125
1 0.3125 0.38461538461538464 0.10576923076923077 0.1658653846153846
1 0.3389423076923077 0.6201923076923077 0.057692307692307696 0.1346153846153846
1 0.3545673076923077 0.734375 0.055288461538461536 0.13701923076923078
1 0.3161057692307692 0.7475961538461539 0.052884615384615384 0.1346153846153846
1 0.3269230769230769 0.8545673076923077 0.04807692307692308 0.11538461538461539
1 0.29927884615384615 0.6622596153846154 0.057692307692307696 0.11298076923076923
1 0.2920673076923077 0.7560096153846154 0.028846153846153848 0.10817307692307693
1 0.3016826923076923 0.8509615384615384 0.026442307692307692 0.11298076923076923
1 0.2860576923076923 0.8533653846153846 0.03125 0.09375
1 0.28125 0.6334134615384616 0.0673076923076923 0.08653846153846154
1 0.2704326923076923 0.7019230769230769 0.03125 0.08173076923076923
1 0.2512019230769231 0.7800480769230769 0.0625 0.08653846153846154
1 0.2620192307692308 0.8581730769230769 0.036057692307692304 0.0889423076923077
1 0.22956730769230768 0.7223557692307693 0.038461538461538464 0.057692307692307696
1 0.22716346153846154 0.6862980769230769 0.036057692307692304 0.026442307692307692
1 0.23557692307692307 0.6622596153846154 0.026442307692307692 0.021634615384615384
1 0.15985576923076922 0.7247596153846154 0.026442307692307692 0.04807692307692308
1 0.16346153846153846 0.7692307692307693 0.026442307692307692 0.04807692307692308
1 0.2512019230769231 0.6586538461538461 0.014423076923076924 0.0625
1 0.25721153846153844 0.7151442307692307 0.014423076923076924 0.05048076923076923
1 0.16706730769230768 0.8100961538461539 0.026442307692307692 0.04567307692307692
1 0.16706730769230768 0.8617788461538461 0.021634615384615384 0.06490384615384616
1 0.12740384615384615 0.7079326923076923 0.036057692307692304 0.055288461538461536
1 0.13341346153846154 0.7596153846153846 0.036057692307692304 0.055288461538461536
1 0.13822115384615385 0.8100961538461539 0.036057692307692304 0.055288461538461536
1 0.14423076923076922 0.8629807692307693 0.036057692307692304 0.055288461538461536
1 0.14903846153846154 0.7331730769230769 0.009615384615384616 0.040865384615384616
1 0.17548076923076922 0.7307692307692307 0.014423076923076924 0.0673076923076923
1 0.18028846153846154 0.7860576923076923 0.014423076923076924 0.052884615384615384
1 0.17908653846153846 0.8569711538461539 0.016826923076923076 0.0625
1 0.109375 0.7331730769230769 0.014423076923076924 0.038461538461538464
1 0.10697115384615384 0.7728365384615384 0.03365384615384615 0.05048076923076923
1 0.11177884615384616 0.8173076923076923 0.03125 0.05048076923076923
1 0.11658653846153846 0.8617788461538461 0.03125 0.052884615384615384
1 0.09254807692307693 0.7632211538461539 0.014423076923076924 0.04567307692307692