1 0.90625 0.4050480769230769 0.1875 0.23798076923076922
1 0.9362980769230769 0.6105769230769231 0.12740384615384615 0.23076923076923078
1 0.9447115384615384 0.8209134615384616 0.11057692307692307 0.2283653846153846
1 0.890625 0.2668269230769231 0.15384615384615385 0.07692307692307693
1 0.7788461538461539 0.296875 0.14182692307692307 0.0985576923076923
1 0.7776442307692307 0.39783653846153844 0.21634615384615385 0.22596153846153846
1 0.7932692307692307 0.6165865384615384 0.19230769230769232 0.24278846153846154
1 0.8088942307692307 0.8305288461538461 0.20192307692307693 0.24519230769230768
1 0.6911057692307693 0.6105769230769231 0.23317307692307693 0.2644230769230769
1 0.6634615384615384 0.8269230769230769 0.14423076923076922 0.23557692307692307
1 0.6838942307692307 0.35336538461538464 0.10817307692307693 0.11298076923076923
1 0.6165865384615384 0.375 0.12259615384615384 0.10817307692307693
1 0.6382211538461539 0.4675480769230769 0.10576923076923077 0.14903846153846154
1 0.5348557692307693 0.515625 0.1658653846153846 0.1971153846153846
1 0.5300480769230769 0.671875 0.13942307692307693 0.18269230769230768
1 0.5420673076923077 0.8377403846153846 0.13942307692307693 0.19951923076923078
1 0.47716346153846156 0.4074519230769231 0.13221153846153846 0.15384615384615385
1 0.4387019230769231 0.5444711538461539 0.09375 0.18509615384615385
1 0.4387019230769231 0.6959134615384616 0.07932692307692307 0.1778846153846154
1 0.4483173076923077 0.8377403846153846 0.07451923076923077 0.16105769230769232
1 0.3605769230769231 0.49278846153846156 0.12259615384615384 0.15384615384615385
1 0.38341346153846156 0.5661057692307693 0.07692307692307693 0.18028846153846154
1 0.3870192307692308 0.6995192307692307 0.0673076923076923 0.17307692307692307
1 0.39663461538461536 0.8329326923076923 0.06490384615384616 0.16346153846153846
1 0.35336538461538464 0.8473557692307693 0.05048076923076923 0.12259615384615384
1 0.3173076923076923 0.37740384615384615 0.0985576923076923 0.16105769230769232
1 0.33413461538461536 0.6141826923076923 0.052884615384615384 0.1346153846153846
1 0.34615384615384615 0.7283653846153846 0.05048076923076923 0.1346153846153846
1 0.3076923076923077 0.7415865384615384 0.04807692307692308 0.1346153846153846
1 0.31490384615384615 0.8473557692307693 0.04326923076923077 0.11298076923076923
1 0.29447115384615385 0.6550480769230769 0.052884615384615384 0.11057692307692307
1 0.28365384615384615 0.7487980769230769 0.026442307692307692 0.10576923076923077
1 0.28966346153846156 0.84375 0.021634615384615384 0.11298076923076923
1 0.27403846153846156 0.8461538461538461 0.028846153846153848 0.09375
1 0.2764423076923077 0.625 0.06490384615384616 0.08413461538461539
1 0.26322115384615385 0.6935096153846154 0.028846153846153848 0.08173076923076923
1 0.24158653846153846 0.7716346153846154 0.06009615384615385 0.08413461538461539
1 0.25 0.8497596153846154 0.03125 0.0889423076923077
1 0.22235576923076922 0.7127403846153846 0.038461538461538464 0.055288461538461536
1 0.22115384615384615 0.6766826923076923 0.036057692307692304 0.02403846153846154
1 0.22956730769230768 0.6526442307692307 0.026442307692307692 0.021634615384615384
1 0.15264423076923078 0.7127403846153846 0.02403846153846154 0.04807692307692308
1 0.15384615384615385 0.7572115384615384 0.026442307692307692 0.04807692307692308
1 0.24519230769230768 0.6502403846153846 0.01201923076923077 0.0625
1 0.24879807692307693 0.7067307692307693 0.01201923076923077 0.05048076923076923
1 0.15745192307692307 0.7992788461538461 0.02403846153846154 0.04567307692307692
1 0.15504807692307693 0.8497596153846154 0.019230769230769232 0.0625
1 0.12139423076923077 0.6947115384615384 0.036057692307692304 0.055288461538461536
1 0.125 0.7463942307692307 0.036057692307692304 0.055288461538461536
1 0.12740384615384615 0.796875 0.03365384615384615 0.055288461538461536
1 0.13221153846153846 0.8497596153846154 0.03365384615384615 0.055288461538461536
1 0.140625 0.7199519230769231 0.009615384615384616 0.040865384615384616
1 0.16706730769230768 0.7199519230769231 0.01201923076923077 0.0673076923076923
1 0.17067307692307693 0.7752403846153846 0.01201923076923077 0.052884615384615384
1 0.1658653846153846 0.8449519230769231 0.014423076923076924 0.0625
1 0.10216346153846154 0.7199519230769231 0.01201923076923077 0.038461538461538464
1 0.09735576923076923 0.7596153846153846 0.03125 0.05048076923076923
1 0.10096153846153846 0.8040865384615384 0.03125 0.04807692307692308
1 0.10336538461538461 0.8485576923076923 0.028846153846153848 0.05048076923076923
1 0.08413461538461539 0.7487980769230769 0.014423076923076924 0.04567307692307692