1 0.9591346153846154 0.41346153846153844 0.04807692307692308 0.0985576923076923
1 0.9519230769230769 0.4831730769230769 0.05048076923076923 0.0985576923076923
1 0.9435096153846154 0.5612980769230769 0.04807692307692308 0.10336538461538461
1 0.9350961538461539 0.6370192307692307 0.04567307692307692 0.09134615384615384
1 0.9278846153846154 0.7067307692307693 0.040865384615384616 0.08173076923076923
1 0.9302884615384616 0.3942307692307692 0.04326923076923077 0.0985576923076923
1 0.9194711538461539 0.47115384615384615 0.04326923076923077 0.10336538461538461
1 0.9122596153846154 0.5456730769230769 0.04326923076923077 0.10336538461538461
1 0.9038461538461539 0.6262019230769231 0.04807692307692308 0.0985576923076923
1 0.8954326923076923 0.7007211538461539 0.04326923076923077 0.08653846153846154
1 0.9098557692307693 0.3004807692307692 0.04326923076923077 0.10336538461538461
1 0.8990384615384616 0.37740384615384615 0.040865384615384616 0.0985576923076923
1 0.8918269230769231 0.4543269230769231 0.040865384615384616 0.0985576923076923
1 0.8822115384615384 0.5372596153846154 0.040865384615384616 0.10336538461538461
1 0.875 0.6141826923076923 0.04326923076923077 0.0985576923076923
1 0.8665865384615384 0.6947115384615384 0.038461538461538464 0.09134615384615384
1 0.8774038461538461 0.2776442307692308 0.05048076923076923 0.10817307692307693
1 0.8665865384615384 0.35336538461538464 0.05048076923076923 0.10336538461538461
1 0.8617788461538461 0.43990384615384615 0.05048076923076923 0.10336538461538461
1 0.8533653846153846 0.5204326923076923 0.05048076923076923 0.10817307692307693
1 0.8461538461538461 0.6033653846153846 0.05048076923076923 0.10336538461538461
1 0.8341346153846154 0.6887019230769231 0.04807692307692308 0.0985576923076923
1 0.8413461538461539 0.2548076923076923 0.05048076923076923 0.10817307692307693
1 0.8329326923076923 0.3389423076923077 0.05048076923076923 0.10817307692307693
1 0.8257211538461539 0.41947115384615385 0.05048076923076923 0.10336538461538461
1 0.8173076923076923 0.5060096153846154 0.04807692307692308 0.10336538461538461
1 0.8076923076923077 0.5913461538461539 0.04807692307692308 0.10336538461538461
1 0.7980769230769231 0.6742788461538461 0.04807692307692308 0.10336538461538461
1 0.8064903846153846 0.22956730769230768 0.055288461538461536 0.1201923076923077
1 0.796875 0.31850961538461536 0.05048076923076923 0.11298076923076923
1 0.7884615384615384 0.4050480769230769 0.055288461538461536 0.11057692307692307
1 0.78125 0.49038461538461536 0.05048076923076923 0.10336538461538461
1 0.7740384615384616 0.5757211538461539 0.055288461538461536 0.11057692307692307
1 0.7632211538461539 0.6646634615384616 0.055288461538461536 0.11057692307692307
1 0.7247596153846154 0.22716346153846154 0.14182692307692307 0.16826923076923078
1 0.7331730769230769 0.30288461538461536 0.10576923076923077 0.13221153846153846
1 0.7295673076923077 0.38341346153846156 0.09375 0.11298076923076923
1 0.7439903846153846 0.47475961538461536 0.05048076923076923 0.10817307692307693
1 0.7355769230769231 0.5637019230769231 0.05048076923076923 0.10336538461538461
1 0.7271634615384616 0.6490384615384616 0.05048076923076923 0.11298076923076923
1 0.703125 0.46033653846153844 0.057692307692307696 0.1201923076923077
1 0.6947115384615384 0.5480769230769231 0.057692307692307696 0.11057692307692307
1 0.6862980769230769 0.6394230769230769 0.06009615384615385 0.11057692307692307
1 0.671875 0.34134615384615385 0.0625 0.11538461538461539
1 0.6610576923076923 0.4423076923076923 0.057692307692307696 0.11538461538461539
1 0.6514423076923077 0.5324519230769231 0.0625 0.12740384615384615
1 0.6418269230769231 0.6262019230769231 0.057692307692307696 0.11057692307692307
1 0.6466346153846154 0.12980769230769232 0.06490384615384616 0.12740384615384615
1 0.6346153846153846 0.21995192307692307 0.0625 0.12740384615384615
1 0.6262019230769231 0.3233173076923077 0.0625 0.13221153846153846
1 0.6129807692307693 0.41586538461538464 0.0625 0.12740384615384615
1 0.6021634615384616 0.5168269230769231 0.06490384615384616 0.13221153846153846
1 0.5901442307692307 0.6153846153846154 0.0625 0.11538461538461539
1 0.5637019230769231 0.10216346153846154 0.1346153846153846 0.14423076923076922
1 0.5757211538461539 0.1971153846153846 0.0889423076923077 0.12980769230769232
1 0.5769230769230769 0.2956730769230769 0.0673076923076923 0.12259615384615384
1 0.5649038461538461 0.3918269230769231 0.0625 0.12740384615384615
1 0.5528846153846154 0.5 0.0673076923076923 0.13701923076923078
1 0.5420673076923077 0.5997596153846154 0.0673076923076923 0.12259615384615384
1 0.47716346153846156 0.25721153846153844 0.18269230769230768 0.2644230769230769
1 0.4651442307692308 0.3449519230769231 0.17548076923076922 0.23076923076923078
1 0.45552884615384615 0.43149038461538464 0.17548076923076922 0.22115384615384615
1 0.44711538461538464 0.5168269230769231 0.17548076923076922 0.20432692307692307
1 0.4375 0.6105769230769231 0.17307692307692307 0.1875
1 0.4026442307692308 0.25961538461538464 0.09375 0.11778846153846154
1 0.38461538461538464 0.31971153846153844 0.07451923076923077 0.12259615384615384
1 0.36778846153846156 0.3858173076923077 0.05048076923076923 0.1201923076923077
1 0.3605769230769231 0.4579326923076923 0.055288461538461536 0.11538461538461539
1 0.35216346153846156 0.5204326923076923 0.055288461538461536 0.11538461538461539
1 0.34375 0.5877403846153846 0.055288461538461536 0.11538461538461539
1 0.33774038461538464 0.6514423076923077 0.055288461538461536 0.11538461538461539
1 0.34134615384615385 0.3233173076923077 0.038461538461538464 0.10817307692307693
1 0.33533653846153844 0.3786057692307692 0.038461538461538464 0.10817307692307693
1 0.328125 0.44350961538461536 0.036057692307692304 0.09615384615384616
1 0.32211538461538464 0.4987980769230769 0.036057692307692304 0.10096153846153846
1 0.3161057692307692 0.5588942307692307 0.03125 0.08413461538461539
1 0.3088942307692308 0.6141826923076923 0.036057692307692304 0.09134615384615384
1 0.3004807692307692 0.6742788461538461 0.03365384615384615 0.07451923076923077
1 0.25721153846153844 0.5 0.04326923076923077 0.06490384615384616
1 0.2536057692307692 0.5408653846153846 0.04326923076923077 0.04326923076923077
1 0.24879807692307693 0.578125 0.04326923076923077 0.057692307692307696
1 0.2439903846153846 0.6201923076923077 0.04326923076923077 0.057692307692307696
1 0.23677884615384615 0.6622596153846154 0.04567307692307692 0.055288461538461536
1 0.22956730769230768 0.6971153846153846 0.038461538461538464 0.040865384615384616
1 0.20072115384615385 0.6778846153846154 0.03125 0.057692307692307696
1 0.1971153846153846 0.7139423076923077 0.026442307692307692 0.04567307692307692
1 0.1935096153846154 0.7524038461538461 0.026442307692307692 0.04567307692307692
1 0.171875 0.6995192307692307 0.02403846153846154 0.040865384615384616