1 0.9302884615384616 0.32091346153846156 0.04807692307692308 0.0985576923076923
1 0.9375 0.3894230769230769 0.05048076923076923 0.0985576923076923
1 0.9459134615384616 0.4675480769230769 0.04807692307692308 0.10336538461538461
1 0.9543269230769231 0.5444711538461539 0.04567307692307692 0.09134615384615384
1 0.9615384615384616 0.6129807692307693 0.040865384615384616 0.08173076923076923
1 0.8990384615384616 0.30649038461538464 0.04326923076923077 0.0985576923076923
1 0.9050480769230769 0.38461538461538464 0.04326923076923077 0.10336538461538461
1 0.9122596153846154 0.45913461538461536 0.04326923076923077 0.10336538461538461
1 0.9206730769230769 0.5396634615384616 0.04807692307692308 0.0985576923076923
1 0.9290865384615384 0.6141826923076923 0.04326923076923077 0.08653846153846154
1 0.859375 0.21875 0.04326923076923077 0.10336538461538461
1 0.8653846153846154 0.296875 0.040865384615384616 0.0985576923076923
1 0.8737980769230769 0.3737980769230769 0.040865384615384616 0.0985576923076923
1 0.8822115384615384 0.4579326923076923 0.040865384615384616 0.10336538461538461
1 0.890625 0.5336538461538461 0.04326923076923077 0.0985576923076923
1 0.8990384615384616 0.6141826923076923 0.038461538461538464 0.09134615384615384
1 0.8233173076923077 0.20432692307692307 0.05048076923076923 0.10817307692307693
1 0.828125 0.2800480769230769 0.05048076923076923 0.10336538461538461
1 0.8413461538461539 0.36658653846153844 0.05048076923076923 0.10336538461538461
1 0.8497596153846154 0.44591346153846156 0.05048076923076923 0.10817307692307693
1 0.859375 0.5288461538461539 0.05048076923076923 0.10336538461538461
1 0.8665865384615384 0.6153846153846154 0.04807692307692308 0.0985576923076923
1 0.7824519230769231 0.18870192307692307 0.05048076923076923 0.10817307692307693
1 0.7932692307692307 0.27403846153846156 0.05048076923076923 0.10817307692307693
1 0.8028846153846154 0.35336538461538464 0.05048076923076923 0.10336538461538461
1 0.8112980769230769 0.43990384615384615 0.04807692307692308 0.10336538461538461
1 0.8209134615384616 0.5252403846153846 0.04807692307692308 0.10336538461538461
1 0.828125 0.6081730769230769 0.04807692307692308 0.10336538461538461
1 0.7439903846153846 0.171875 0.055288461538461536 0.1201923076923077
1 0.7524038461538461 0.2608173076923077 0.05048076923076923 0.11298076923076923
1 0.7620192307692307 0.3473557692307692 0.055288461538461536 0.11057692307692307
1 0.7728365384615384 0.4326923076923077 0.05048076923076923 0.10336538461538461
1 0.7836538461538461 0.5168269230769231 0.055288461538461536 0.11057692307692307
1 0.7920673076923077 0.6057692307692307 0.055288461538461536 0.11057692307692307
1 0.6634615384615384 0.18629807692307693 0.14182692307692307 0.16826923076923078
1 0.6875 0.25961538461538464 0.10576923076923077 0.13221153846153846
1 0.7007211538461539 0.3389423076923077 0.09375 0.11298076923076923
1 0.734375 0.42427884615384615 0.05048076923076923 0.10817307692307693
1 0.7427884615384616 0.5132211538461539 0.05048076923076923 0.10336538461538461
1 0.7536057692307693 0.5985576923076923 0.05048076923076923 0.11298076923076923
1 0.6911057692307693 0.4182692307692308 0.057692307692307696 0.1201923076923077
1 0.7007211538461539 0.5072115384615384 0.057692307692307696 0.11057692307692307
1 0.7103365384615384 0.5973557692307693 0.06009615384615385 0.11057692307692307
1 0.6346153846153846 0.3088942307692308 0.0625 0.11538461538461539
1 0.6454326923076923 0.4098557692307692 0.057692307692307696 0.11538461538461539
1 0.6550480769230769 0.5012019230769231 0.0625 0.12740384615384615
1 0.6646634615384616 0.59375 0.057692307692307696 0.11057692307692307
1 0.5661057692307693 0.10697115384615384 0.06490384615384616 0.12740384615384615
1 0.5733173076923077 0.19831730769230768 0.0625 0.12740384615384615
1 0.5865384615384616 0.3016826923076923 0.0625 0.13221153846153846
1 0.5925480769230769 0.3942307692307692 0.0625 0.12740384615384615
1 0.6033653846153846 0.4951923076923077 0.06490384615384616 0.13221153846153846
1 0.6129807692307693 0.5949519230769231 0.0625 0.11538461538461539
1 0.4795673076923077 0.09735576923076923 0.1346153846153846 0.14423076923076922
1 0.5108173076923077 0.18870192307692307 0.0889423076923077 0.12980769230769232
1 0.5324519230769231 0.28365384615384615 0.0673076923076923 0.12259615384615384
1 0.5408653846153846 0.38100961538461536 0.0625 0.12740384615384615
1 0.5516826923076923 0.4879807692307692 0.0673076923076923 0.13701923076923078
1 0.5612980769230769 0.5889423076923077 0.0673076923076923 0.12259615384615384
1 0.4266826923076923 0.2668269230769231 0.18269230769230768 0.2644230769230769
1 0.4338942307692308 0.3557692307692308 0.17548076923076922 0.23076923076923078
1 0.4423076923076923 0.4423076923076923 0.17548076923076922 0.22115384615384615
1 0.4519230769230769 0.5264423076923077 0.17548076923076922 0.20432692307692307
1 0.46153846153846156 0.6213942307692307 0.17307692307692307 0.1875
1 0.3557692307692308 0.2860576923076923 0.09375 0.11778846153846154
1 0.34975961538461536 0.3473557692307692 0.07451923076923077 0.12259615384615384
1 0.3473557692307692 0.41586538461538464 0.05048076923076923 0.1201923076923077
1 0.3545673076923077 0.4879807692307692 0.055288461538461536 0.11538461538461539
1 0.359375 0.5504807692307693 0.055288461538461536 0.11538461538461539
1 0.36538461538461536 0.6177884615384616 0.055288461538461536 0.11538461538461539
1 0.37259615384615385 0.6814903846153846 0.055288461538461536 0.11538461538461539
1 0.3076923076923077 0.3605769230769231 0.038461538461538464 0.10817307692307693
1 0.3137019230769231 0.41586538461538464 0.038461538461538464 0.10817307692307693
1 0.31971153846153844 0.4807692307692308 0.036057692307692304 0.09615384615384616
1 0.32572115384615385 0.5348557692307693 0.036057692307692304 0.10096153846153846
1 0.3329326923076923 0.5961538461538461 0.03125 0.08413461538461539
1 0.33653846153846156 0.6514423076923077 0.036057692307692304 0.09134615384615384
1 0.34134615384615385 0.7127403846153846 0.03365384615384615 0.07451923076923077
1 0.2620192307692308 0.5504807692307693 0.04326923076923077 0.06490384615384616
1 0.26802884615384615 0.5913461538461539 0.04326923076923077 0.04326923076923077
1 0.2704326923076923 0.6286057692307693 0.04326923076923077 0.057692307692307696
1 0.27524038461538464 0.6706730769230769 0.04326923076923077 0.057692307692307696
1 0.2764423076923077 0.7127403846153846 0.04567307692307692 0.055288461538461536
1 0.2764423076923077 0.75 0.038461538461538464 0.040865384615384616
1 0.2439903846153846 0.7355769230769231 0.03125 0.057692307692307696
1 0.24759615384615385 0.7716346153846154 0.026442307692307692 0.04567307692307692
1 0.25240384615384615 0.8112980769230769 0.026442307692307692 0.04567307692307692
1 0.22115384615384615 0.7632211538461539 0.02403846153846154 0.040865384615384616