1 0.421875 0.421875 0.02403846153846154 0.02403846153846154
1 0.4050480769230769 0.4483173076923077 0.04807692307692308 0.04326923076923077
1 0.43990384615384615 0.45072115384615385 0.04326923076923077 0.03365384615384615
1 0.4387019230769231 0.4206730769230769 0.02403846153846154 0.03125
1 0.4579326923076923 0.4675480769230769 0.052884615384615384 0.036057692307692304
1 0.47596153846153844 0.41225961538461536 0.02403846153846154 0.040865384615384616
1 0.45913461538461536 0.4170673076923077 0.021634615384615384 0.04326923076923077
1 0.4651442307692308 0.44591346153846156 0.016826923076923076 0.028846153846153848
1 0.4807692307692308 0.44350961538461536 0.021634615384615384 0.038461538461538464
1 0.49278846153846156 0.4050480769230769 0.02403846153846154 0.040865384615384616
1 0.5 0.4387019230769231 0.02403846153846154 0.038461538461538464
1 0.5300480769230769 0.39783653846153844 0.06490384615384616 0.04326923076923077
1 0.5372596153846154 0.43149038461538464 0.06490384615384616 0.04567307692307692
1 0.5048076923076923 0.4699519230769231 0.019230769230769232 0.03125
1 0.5444711538461539 0.4675480769230769 0.06490384615384616 0.04807692307692308
1 0.5817307692307693 0.3954326923076923 0.04567307692307692 0.04567307692307692
1 0.5865384615384616 0.42788461538461536 0.04807692307692308 0.040865384615384616
1 0.59375 0.4639423076923077 0.04567307692307692 0.040865384615384616
1 0.6538461538461539 0.38461538461538464 0.0889423076923077 0.057692307692307696
1 0.6586538461538461 0.4170673076923077 0.09134615384615384 0.052884615384615384
1 0.6646634615384616 0.45072115384615385 0.0889423076923077 0.057692307692307696
1 0.7163461538461539 0.3485576923076923 0.08653846153846154 0.055288461538461536
1 0.6682692307692307 0.35336538461538464 0.021634615384615384 0.03365384615384615
1 0.6514423076923077 0.3581730769230769 0.021634615384615384 0.028846153846153848
1 0.6334134615384616 0.3605769230769231 0.016826923076923076 0.021634615384615384
1 0.6177884615384616 0.3641826923076923 0.016826923076923076 0.016826923076923076
1 0.6069711538461539 0.3701923076923077 0.009615384615384616 0.01201923076923077
1 0.5997596153846154 0.3713942307692308 0.009615384615384616 0.009615384615384616
1 0.7271634615384616 0.38100961538461536 0.08173076923076923 0.055288461538461536
1 0.7355769230769231 0.41346153846153844 0.07692307692307693 0.052884615384615384
1 0.7415865384615384 0.44711538461538464 0.07451923076923077 0.05048076923076923
1 0.7932692307692307 0.3894230769230769 0.057692307692307696 0.040865384615384616
1 0.7980769230769231 0.4170673076923077 0.057692307692307696 0.040865384615384616
1 0.8028846153846154 0.44350961538461536 0.057692307692307696 0.040865384615384616
1 0.8401442307692307 0.3858173076923077 0.06009615384615385 0.040865384615384616
1 0.8497596153846154 0.41346153846153844 0.055288461538461536 0.040865384615384616
1 0.8545673076923077 0.4411057692307692 0.055288461538461536 0.040865384615384616
1 0.9254807692307693 0.3713942307692308 0.04807692307692308 0.036057692307692304
1 0.9278846153846154 0.3942307692307692 0.04807692307692308 0.036057692307692304
1 0.9326923076923077 0.4170673076923077 0.05048076923076923 0.036057692307692304
1 0.9387019230769231 0.4387019230769231 0.04326923076923077 0.03125
1 0.8858173076923077 0.3798076923076923 0.03365384615384615 0.028846153846153848
1 0.890625 0.40384615384615385 0.036057692307692304 0.028846153846153848
1 0.8942307692307693 0.4206730769230769 0.03125 0.02403846153846154
1 0.9675480769230769 0.35096153846153844 0.03365384615384615 0.026442307692307692
1 0.9663461538461539 0.3713942307692308 0.019230769230769232 0.028846153846153848
1 0.9699519230769231 0.3942307692307692 0.019230769230769232 0.03125
1 0.9723557692307693 0.4182692307692308 0.016826923076923076 0.02403846153846154
1 0.9783653846153846 0.37259615384615385 0.019230769230769232 0.028846153846153848
1 0.9831730769230769 0.39302884615384615 0.016826923076923076 0.028846153846153848
1 0.9867788461538461 0.41466346153846156 0.014423076923076924 0.02403846153846154