1 0.7163461538461539 0.6790865384615384 0.11538461538461539 0.11057692307692307
1 0.8822115384615384 0.6850961538461539 0.1875 0.15144230769230768
1 0.9158653846153846 0.6213942307692307 0.15144230769230768 0.1201923076923077
1 0.859375 0.7608173076923077 0.18509615384615385 0.1466346153846154
1 0.8401442307692307 0.8317307692307693 0.18269230769230768 0.1466346153846154
1 0.8221153846153846 0.9098557692307693 0.18028846153846154 0.13942307692307693
1 0.796875 0.9555288461538461 0.17548076923076922 0.0889423076923077
1 0.3762019230769231 0.6177884615384616 0.10336538461538461 0.09375
1 0.3016826923076923 0.7956730769230769 0.11538461538461539 0.08653846153846154
1 0.29086538461538464 0.8497596153846154 0.12980769230769232 0.11057692307692307
1 0.27163461538461536 0.9038461538461539 0.12259615384615384 0.10096153846153846
1 0.23798076923076922 0.7824519230769231 0.040865384615384616 0.04567307692307692
1 0.2956730769230769 0.6117788461538461 0.07692307692307693 0.0625