1 0.7728365384615384 0.5661057692307693 0.11057692307692307 0.10336538461538461
1 0.9158653846153846 0.4987980769230769 0.16826923076923078 0.14182692307692307
1 0.9266826923076923 0.4266826923076923 0.1466346153846154 0.11298076923076923
1 0.9230769230769231 0.5757211538461539 0.15384615384615385 0.13701923076923078
1 0.9302884615384616 0.6478365384615384 0.13942307692307693 0.13701923076923078
1 0.9399038461538461 0.7259615384615384 0.1201923076923077 0.12980769230769232
1 0.9471153846153846 0.8028846153846154 0.10576923076923077 0.1346153846153846
1 0.43990384615384615 0.6598557692307693 0.10096153846153846 0.0889423076923077
1 0.45072115384615385 0.8521634615384616 0.11298076923076923 0.08173076923076923
1 0.4651442307692308 0.90625 0.125 0.10576923076923077
1 0.4723557692307692 0.9567307692307693 0.11778846153846154 0.08653846153846154
1 0.38822115384615385 0.8677884615384616 0.038461538461538464 0.04567307692307692
1 0.36538461538461536 0.6899038461538461 0.07692307692307693 0.057692307692307696