1 0.08173076923076923 0.6971153846153846 0.14903846153846154 0.2668269230769231
1 0.125 0.4723557692307692 0.25 0.2668269230769231
1 0.24158653846153846 0.5492788461538461 0.2548076923076923 0.25240384615384615
1 0.25841346153846156 0.7307692307692307 0.2620192307692308 0.2644230769230769
1 0.48197115384615385 0.7355769230769231 0.2644230769230769 0.2644230769230769
1 0.46634615384615385 0.5492788461538461 0.2620192307692308 0.2403846153846154
1 0.3954326923076923 0.3557692307692308 0.37259615384615385 0.2764423076923077
1 0.49038461538461536 0.3088942307692308 0.3701923076923077 0.3076923076923077
1 0.7896634615384616 0.31850961538461536 0.40865384615384615 0.30528846153846156
1 0.7848557692307693 0.5276442307692307 0.3557692307692308 0.32211538461538464
1 0.8028846153846154 0.7379807692307693 0.3557692307692308 0.30528846153846156
1 0.9543269230769231 0.3858173076923077 0.09134615384615384 0.2283653846153846
1 0.9651442307692307 0.578125 0.06971153846153846 0.2283653846153846
1 0.057692307692307696 0.13221153846153846 0.11538461538461539 0.1875
1 0.06971153846153846 0.2920673076923077 0.11538461538461539 0.15865384615384615
1 0.15264423076923078 0.12379807692307693 0.12980769230769232 0.1875
1 0.16947115384615385 0.2800480769230769 0.12980769230769232 0.17307692307692307
1 0.25240384615384615 0.08173076923076923 0.12259615384615384 0.125
1 0.2668269230769231 0.19471153846153846 0.12980769230769232 0.13701923076923078
1 0.3485576923076923 0.06850961538461539 0.11778846153846154 0.1201923076923077
1 0.3605769230769231 0.1622596153846154 0.11778846153846154 0.09375
1 0.007211538461538462 0.13581730769230768 0.014423076923076924 0.17548076923076922
1 0.014423076923076924 0.29927884615384615 0.028846153846153848 0.17067307692307693
1 0.4483173076923077 0.06370192307692307 0.11057692307692307 0.12740384615384615
1 0.4567307692307692 0.1622596153846154 0.11057692307692307 0.10576923076923077
1 0.5396634615384616 0.056490384615384616 0.11298076923076923 0.11298076923076923
1 0.5516826923076923 0.15865384615384615 0.11057692307692307 0.11778846153846154
1 0.640625 0.07692307692307693 0.12740384615384615 0.15384615384615385
1 0.6550480769230769 0.18028846153846154 0.11778846153846154 0.08653846153846154
1 0.7896634615384616 0.05048076923076923 0.19951923076923078 0.10096153846153846
1 0.8004807692307693 0.14543269230769232 0.19471153846153846 0.16346153846153846
1 0.8966346153846154 0.15865384615384615 0.15144230769230768 0.14423076923076922
1 0.9122596153846154 0.038461538461538464 0.0889423076923077 0.07692307692307693