1 0.24759615384615385 0.47115384615384615 0.04326923076923077 0.03125
1 0.2512019230769231 0.49158653846153844 0.04326923076923077 0.026442307692307692
1 0.31009615384615385 0.46033653846153844 0.057692307692307696 0.03125
1 0.3137019230769231 0.4807692307692308 0.055288461538461536 0.02403846153846154
1 0.32091346153846156 0.4963942307692308 0.04807692307692308 0.026442307692307692
1 0.2764423076923077 0.46634615384615385 0.016826923076923076 0.02403846153846154
1 0.27884615384615385 0.48677884615384615 0.019230769230769232 0.021634615384615384
1 0.20072115384615385 0.4579326923076923 0.04807692307692308 0.02403846153846154
1 0.2091346153846154 0.47475961538461536 0.04326923076923077 0.026442307692307692
1 0.21514423076923078 0.49759615384615385 0.036057692307692304 0.026442307692307692
1 0.18389423076923078 0.484375 0.019230769230769232 0.02403846153846154
1 0.24158653846153846 0.45072115384615385 0.038461538461538464 0.021634615384615384
1 0.28365384615384615 0.44471153846153844 0.057692307692307696 0.02403846153846154
1 0.27283653846153844 0.43028846153846156 0.04567307692307692 0.019230769230769232
1 0.24278846153846154 0.43509615384615385 0.019230769230769232 0.014423076923076924
1 0.13942307692307693 0.47475961538461536 0.016826923076923076 0.021634615384615384
1 0.14182692307692307 0.4891826923076923 0.016826923076923076 0.014423076923076924
1 0.14423076923076922 0.5 0.016826923076923076 0.01201923076923077
1 0.34615384615384615 0.42788461538461536 0.0673076923076923 0.03125
1 0.3581730769230769 0.4483173076923077 0.052884615384615384 0.03125
1 0.3629807692307692 0.46875 0.052884615384615384 0.03125
1 0.36658653846153844 0.4891826923076923 0.052884615384615384 0.028846153846153848
1 0.4483173076923077 0.41346153846153844 0.06009615384615385 0.028846153846153848
1 0.41586538461538464 0.41947115384615385 0.014423076923076924 0.021634615384615384
1 0.40384615384615385 0.4206730769230769 0.016826923076923076 0.021634615384615384
1 0.38822115384615385 0.4230769230769231 0.019230769230769232 0.021634615384615384
1 0.3918269230769231 0.44591346153846156 0.019230769230769232 0.026442307692307692
1 0.39903846153846156 0.4675480769230769 0.021634615384615384 0.021634615384615384
1 0.40384615384615385 0.4855769230769231 0.019230769230769232 0.021634615384615384
1 0.453125 0.4326923076923077 0.06009615384615385 0.03125
1 0.4567307692307692 0.4543269230769231 0.06490384615384616 0.03125
1 0.46153846153846156 0.4735576923076923 0.06009615384615385 0.03125
1 0.421875 0.46274038461538464 0.021634615384615384 0.021634615384615384
1 0.42427884615384615 0.4795673076923077 0.021634615384615384 0.021634615384615384
1 0.41225961538461536 0.4411057692307692 0.02403846153846154 0.02403846153846154
1 0.5360576923076923 0.38100961538461536 0.06009615384615385 0.03125
1 0.5408653846153846 0.40384615384615385 0.06009615384615385 0.03125
1 0.5432692307692307 0.421875 0.0625 0.028846153846153848
1 0.546875 0.4387019230769231 0.06009615384615385 0.028846153846153848
1 0.5504807692307693 0.4579326923076923 0.06009615384615385 0.03125
1 0.5036057692307693 0.390625 0.014423076923076924 0.02403846153846154
1 0.5072115384615384 0.4098557692307692 0.01201923076923077 0.021634615384615384
1 0.5108173076923077 0.42788461538461536 0.01201923076923077 0.021634615384615384
1 0.5132211538461539 0.44591346153846156 0.014423076923076924 0.02403846153846154
1 0.5168269230769231 0.4639423076923077 0.01201923076923077 0.021634615384615384
1 0.4963942307692308 0.39302884615384615 0.01201923076923077 0.016826923076923076
1 0.4987980769230769 0.4110576923076923 0.009615384615384616 0.019230769230769232
1 0.5024038461538461 0.42908653846153844 0.01201923076923077 0.021634615384615384
1 0.5060096153846154 0.4483173076923077 0.01201923076923077 0.021634615384615384
1 0.4891826923076923 0.3942307692307692 0.01201923076923077 0.019230769230769232
1 0.49158653846153844 0.41346153846153844 0.01201923076923077 0.019230769230769232
1 0.49399038461538464 0.43028846153846156 0.01201923076923077 0.019230769230769232
1 0.5 0.4483173076923077 0.014423076923076924 0.02403846153846154
1 0.4795673076923077 0.39783653846153844 0.01201923076923077 0.021634615384615384
1 0.4831730769230769 0.41466346153846156 0.01201923076923077 0.021634615384615384
1 0.46274038461538464 0.39663461538461536 0.02403846153846154 0.01201923076923077
1 0.5793269230769231 0.390625 0.026442307692307692 0.026442307692307692
1 0.5829326923076923 0.4110576923076923 0.02403846153846154 0.02403846153846154
1 0.5865384615384616 0.43149038461538464 0.02403846153846154 0.02403846153846154
1 0.5985576923076923 0.4483173076923077 0.04326923076923077 0.026442307692307692
1 0.6081730769230769 0.37740384615384615 0.016826923076923076 0.021634615384615384
1 0.6105769230769231 0.3954326923076923 0.019230769230769232 0.021634615384615384
1 0.6129807692307693 0.4098557692307692 0.016826923076923076 0.014423076923076924
1 0.6177884615384616 0.36778846153846156 0.01201923076923077 0.021634615384615384
1 0.6213942307692307 0.3870192307692308 0.01201923076923077 0.021634615384615384
1 0.625 0.40625 0.014423076923076924 0.02403846153846154
1 0.6286057692307693 0.4254807692307692 0.014423076923076924 0.02403846153846154
1 0.6310096153846154 0.4423076923076923 0.01201923076923077 0.021634615384615384
1 0.6262019230769231 0.36658653846153844 0.014423076923076924 0.02403846153846154
1 0.6298076923076923 0.3858173076923077 0.01201923076923077 0.021634615384615384
1 0.6334134615384616 0.40384615384615385 0.014423076923076924 0.02403846153846154
1 0.6370192307692307 0.4230769230769231 0.014423076923076924 0.02403846153846154
1 0.6454326923076923 0.3401442307692308 0.06009615384615385 0.028846153846153848
1 0.6586538461538461 0.3557692307692308 0.06009615384615385 0.03125
1 0.6622596153846154 0.3762019230769231 0.06009615384615385 0.03125
1 0.6658653846153846 0.39783653846153844 0.06009615384615385 0.03125
1 0.6694711538461539 0.4170673076923077 0.06009615384615385 0.03125
1 0.6550480769230769 0.43990384615384615 0.04567307692307692 0.026442307692307692
1 0.6887019230769231 0.4338942307692308 0.03125 0.02403846153846154
1 0.7127403846153846 0.35096153846153844 0.057692307692307696 0.028846153846153848
1 0.7163461538461539 0.36778846153846156 0.057692307692307696 0.03125
1 0.7199519230769231 0.3870192307692308 0.057692307692307696 0.03125
1 0.7223557692307693 0.40625 0.057692307692307696 0.03125
1 0.7259615384615384 0.4254807692307692 0.055288461538461536 0.03365384615384615
1 0.8401442307692307 0.3329326923076923 0.05048076923076923 0.02403846153846154
1 0.8449519230769231 0.3485576923076923 0.052884615384615384 0.03125
1 0.8461538461538461 0.3641826923076923 0.055288461538461536 0.03125
1 0.8497596153846154 0.38461538461538464 0.055288461538461536 0.03125
1 0.8533653846153846 0.4026442307692308 0.052884615384615384 0.03125
1 0.8978365384615384 0.3329326923076923 0.05048076923076923 0.026442307692307692
1 0.9014423076923077 0.35336538461538464 0.05048076923076923 0.03125
1 0.9050480769230769 0.3737980769230769 0.05048076923076923 0.028846153846153848
1 0.9074519230769231 0.39302884615384615 0.05048076923076923 0.026442307692307692