1 0.24639423076923078 0.484375 0.04326923076923077 0.03125
1 0.2512019230769231 0.5048076923076923 0.04326923076923077 0.028846153846153848
1 0.3076923076923077 0.4699519230769231 0.057692307692307696 0.03365384615384615
1 0.3125 0.49038461538461536 0.055288461538461536 0.026442307692307692
1 0.32091346153846156 0.5060096153846154 0.04807692307692308 0.028846153846153848
1 0.27524038461538464 0.47836538461538464 0.019230769230769232 0.02403846153846154
1 0.27884615384615385 0.49759615384615385 0.019230769230769232 0.021634615384615384
1 0.19951923076923078 0.4735576923076923 0.04807692307692308 0.026442307692307692
1 0.20793269230769232 0.4891826923076923 0.04326923076923077 0.028846153846153848
1 0.21514423076923078 0.5132211538461539 0.036057692307692304 0.028846153846153848
1 0.18269230769230768 0.5 0.019230769230769232 0.02403846153846154
1 0.23918269230769232 0.4639423076923077 0.038461538461538464 0.02403846153846154
1 0.28125 0.45552884615384615 0.057692307692307696 0.028846153846153848
1 0.2692307692307692 0.4423076923076923 0.04807692307692308 0.021634615384615384
1 0.2403846153846154 0.4495192307692308 0.019230769230769232 0.014423076923076924
1 0.13822115384615385 0.49399038461538464 0.019230769230769232 0.021634615384615384
1 0.14182692307692307 0.5072115384615384 0.016826923076923076 0.016826923076923076
1 0.14423076923076922 0.5192307692307693 0.016826923076923076 0.014423076923076924
1 0.3425480769230769 0.4362980769230769 0.06971153846153846 0.03365384615384615
1 0.3557692307692308 0.45552884615384615 0.052884615384615384 0.03125
1 0.36177884615384615 0.47596153846153844 0.052884615384615384 0.03125
1 0.36538461538461536 0.4963942307692308 0.052884615384615384 0.03125
1 0.44350961538461536 0.4170673076923077 0.06009615384615385 0.03125
1 0.41225961538461536 0.42427884615384615 0.016826923076923076 0.021634615384615384
1 0.40024038461538464 0.4254807692307692 0.019230769230769232 0.021634615384615384
1 0.38461538461538464 0.42908653846153844 0.019230769230769232 0.021634615384615384
1 0.3894230769230769 0.4519230769230769 0.021634615384615384 0.026442307692307692
1 0.39783653846153844 0.4735576923076923 0.021634615384615384 0.021634615384615384
1 0.4026442307692308 0.49038461538461536 0.019230769230769232 0.021634615384615384
1 0.4495192307692308 0.43509615384615385 0.06009615384615385 0.03365384615384615
1 0.4543269230769231 0.4567307692307692 0.06490384615384616 0.036057692307692304
1 0.46033653846153844 0.47596153846153844 0.06009615384615385 0.03365384615384615
1 0.41947115384615385 0.46634615384615385 0.021634615384615384 0.021634615384615384
1 0.4230769230769231 0.4831730769230769 0.021634615384615384 0.021634615384615384
1 0.4098557692307692 0.44591346153846156 0.026442307692307692 0.026442307692307692
1 0.5300480769230769 0.3798076923076923 0.06009615384615385 0.03365384615384615
1 0.5348557692307693 0.4014423076923077 0.06009615384615385 0.03365384615384615
1 0.5396634615384616 0.41947115384615385 0.0625 0.03125
1 0.5432692307692307 0.4375 0.06009615384615385 0.03125
1 0.5480769230769231 0.45552884615384615 0.06009615384615385 0.03365384615384615
1 0.49759615384615385 0.390625 0.014423076923076924 0.02403846153846154
1 0.5024038461538461 0.4098557692307692 0.014423076923076924 0.021634615384615384
1 0.5060096153846154 0.4266826923076923 0.014423076923076924 0.021634615384615384
1 0.5108173076923077 0.44591346153846156 0.016826923076923076 0.02403846153846154
1 0.5144230769230769 0.46274038461538464 0.014423076923076924 0.021634615384615384
1 0.49038461538461536 0.3942307692307692 0.01201923076923077 0.016826923076923076
1 0.49399038461538464 0.4110576923076923 0.009615384615384616 0.019230769230769232
1 0.4987980769230769 0.42908653846153844 0.01201923076923077 0.02403846153846154
1 0.5024038461538461 0.44711538461538464 0.01201923076923077 0.02403846153846154
1 0.4831730769230769 0.3954326923076923 0.01201923076923077 0.021634615384615384
1 0.4879807692307692 0.41346153846153844 0.01201923076923077 0.021634615384615384
1 0.49038461538461536 0.43028846153846156 0.01201923076923077 0.021634615384615384
1 0.4963942307692308 0.4495192307692308 0.014423076923076924 0.02403846153846154
1 0.4735576923076923 0.39903846153846156 0.014423076923076924 0.021634615384615384
1 0.47836538461538464 0.41586538461538464 0.014423076923076924 0.021634615384615384
1 0.4567307692307692 0.39903846153846156 0.026442307692307692 0.014423076923076924
1 0.5733173076923077 0.3870192307692308 0.028846153846153848 0.026442307692307692
1 0.578125 0.40625 0.026442307692307692 0.026442307692307692
1 0.5829326923076923 0.4266826923076923 0.026442307692307692 0.026442307692307692
1 0.5949519230769231 0.44350961538461536 0.04326923076923077 0.028846153846153848
1 0.6009615384615384 0.3713942307692308 0.019230769230769232 0.021634615384615384
1 0.6057692307692307 0.3894230769230769 0.019230769230769232 0.021634615384615384
1 0.6081730769230769 0.4050480769230769 0.016826923076923076 0.016826923076923076
1 0.6117788461538461 0.36177884615384615 0.014423076923076924 0.021634615384615384
1 0.6153846153846154 0.38100961538461536 0.014423076923076924 0.021634615384615384
1 0.6201923076923077 0.39903846153846156 0.014423076923076924 0.02403846153846154
1 0.625 0.41947115384615385 0.014423076923076924 0.02403846153846154
1 0.6286057692307693 0.4362980769230769 0.014423076923076924 0.021634615384615384
1 0.6189903846153846 0.3605769230769231 0.014423076923076924 0.02403846153846154
1 0.6237980769230769 0.3786057692307692 0.014423076923076924 0.021634615384615384
1 0.6274038461538461 0.39663461538461536 0.014423076923076924 0.02403846153846154
1 0.6322115384615384 0.41586538461538464 0.014423076923076924 0.02403846153846154
1 0.6370192307692307 0.3329326923076923 0.06009615384615385 0.03125
1 0.6514423076923077 0.3473557692307692 0.06009615384615385 0.03365384615384615
1 0.65625 0.36778846153846156 0.06009615384615385 0.03365384615384615
1 0.6610576923076923 0.3894230769230769 0.06009615384615385 0.03365384615384615
1 0.6646634615384616 0.40865384615384615 0.06009615384615385 0.03365384615384615
1 0.6514423076923077 0.43149038461538464 0.04567307692307692 0.028846153846153848
1 0.6850961538461539 0.42427884615384615 0.03125 0.02403846153846154
1 0.7055288461538461 0.3401442307692308 0.057692307692307696 0.03125
1 0.7091346153846154 0.35697115384615385 0.057692307692307696 0.03365384615384615
1 0.7139423076923077 0.375 0.057692307692307696 0.03365384615384615
1 0.7175480769230769 0.3942307692307692 0.057692307692307696 0.03365384615384615
1 0.7223557692307693 0.41466346153846156 0.055288461538461536 0.036057692307692304
1 0.8305288461538461 0.31490384615384615 0.05048076923076923 0.026442307692307692
1 0.8365384615384616 0.3317307692307692 0.052884615384615384 0.03125
1 0.8389423076923077 0.34615384615384615 0.055288461538461536 0.03365384615384615
1 0.8425480769230769 0.36658653846153844 0.055288461538461536 0.03365384615384615
1 0.8485576923076923 0.38341346153846156 0.052884615384615384 0.03125
1 0.8882211538461539 0.3125 0.05048076923076923 0.028846153846153848
1 0.8930288461538461 0.3329326923076923 0.052884615384615384 0.03365384615384615
1 0.8978365384615384 0.35216346153846156 0.052884615384615384 0.03125
1 0.9014423076923077 0.3713942307692308 0.05048076923076923 0.028846153846153848