1 0.109375 0.5192307692307693 0.052884615384615384 0.028846153846153848
1 0.11177884615384616 0.5360576923076923 0.04807692307692308 0.02403846153846154
1 0.1622596153846154 0.5120192307692307 0.05048076923076923 0.028846153846153848
1 0.16466346153846154 0.5288461538461539 0.052884615384615384 0.02403846153846154
1 0.16706730769230768 0.5456730769230769 0.05048076923076923 0.02403846153846154
1 0.21514423076923078 0.5024038461538461 0.052884615384615384 0.028846153846153848
1 0.21754807692307693 0.5192307692307693 0.052884615384615384 0.028846153846153848
1 0.21875 0.5360576923076923 0.05048076923076923 0.02403846153846154
1 0.26802884615384615 0.4987980769230769 0.04807692307692308 0.021634615384615384
1 0.2704326923076923 0.5144230769230769 0.05048076923076923 0.02403846153846154
1 0.27163461538461536 0.5288461538461539 0.05048076923076923 0.028846153846153848
1 0.3076923076923077 0.49399038461538464 0.028846153846153848 0.019230769230769232
1 0.3088942307692308 0.5096153846153846 0.028846153846153848 0.021634615384615384
1 0.3112980769230769 0.5252403846153846 0.028846153846153848 0.014423076923076924
1 0.3329326923076923 0.4891826923076923 0.026442307692307692 0.019230769230769232
1 0.33413461538461536 0.5048076923076923 0.026442307692307692 0.019230769230769232
1 0.33653846153846156 0.5216346153846154 0.026442307692307692 0.021634615384615384
1 0.3713942307692308 0.4651442307692308 0.05048076923076923 0.02403846153846154
1 0.3737980769230769 0.4831730769230769 0.052884615384615384 0.02403846153846154
1 0.3762019230769231 0.5 0.052884615384615384 0.021634615384615384
1 0.3786057692307692 0.5168269230769231 0.052884615384615384 0.02403846153846154
1 0.4266826923076923 0.47716346153846156 0.05048076923076923 0.03125
1 0.42788461538461536 0.49399038461538464 0.05048076923076923 0.028846153846153848
1 0.43028846153846156 0.5096153846153846 0.052884615384615384 0.02403846153846154
1 0.47596153846153844 0.4519230769230769 0.05048076923076923 0.03125
1 0.4795673076923077 0.47115384615384615 0.052884615384615384 0.028846153846153848
1 0.4807692307692308 0.48677884615384615 0.052884615384615384 0.02403846153846154
1 0.4831730769230769 0.5024038461538461 0.052884615384615384 0.02403846153846154
1 0.53125 0.46274038461538464 0.052884615384615384 0.03125
1 0.5336538461538461 0.4795673076923077 0.052884615384615384 0.028846153846153848
1 0.5360576923076923 0.4987980769230769 0.052884615384615384 0.03125
1 0.5817307692307693 0.4543269230769231 0.052884615384615384 0.028846153846153848
1 0.5829326923076923 0.4723557692307692 0.052884615384615384 0.028846153846153848
1 0.5853365384615384 0.4891826923076923 0.052884615384615384 0.028846153846153848
1 0.6334134615384616 0.4326923076923077 0.052884615384615384 0.02403846153846154
1 0.6358173076923077 0.4495192307692308 0.055288461538461536 0.03125
1 0.6394230769230769 0.4699519230769231 0.055288461538461536 0.028846153846153848
1 0.640625 0.48197115384615385 0.055288461538461536 0.028846153846153848
1 0.6875 0.4423076923076923 0.05048076923076923 0.028846153846153848
1 0.6899038461538461 0.4579326923076923 0.05048076923076923 0.02403846153846154
1 0.6911057692307693 0.47475961538461536 0.05048076923076923 0.028846153846153848