1 0.1141826923076923 0.4375 0.052884615384615384 0.02403846153846154
1 0.11298076923076923 0.4543269230769231 0.04567307692307692 0.021634615384615384
1 0.16706730769230768 0.4423076923076923 0.05048076923076923 0.02403846153846154
1 0.1658653846153846 0.45913461538461536 0.05048076923076923 0.021634615384615384
1 0.16466346153846154 0.47475961538461536 0.04807692307692308 0.021634615384615384
1 0.22115384615384615 0.44350961538461536 0.052884615384615384 0.02403846153846154
1 0.21995192307692307 0.46033653846153844 0.052884615384615384 0.02403846153846154
1 0.21754807692307693 0.47716346153846156 0.04807692307692308 0.021634615384615384
1 0.27283653846153844 0.45072115384615385 0.04567307692307692 0.019230769230769232
1 0.27283653846153844 0.46634615384615385 0.04807692307692308 0.021634615384615384
1 0.27163461538461536 0.4807692307692308 0.05048076923076923 0.02403846153846154
1 0.3125 0.4543269230769231 0.026442307692307692 0.016826923076923076
1 0.31009615384615385 0.4699519230769231 0.026442307692307692 0.019230769230769232
1 0.31009615384615385 0.4855769230769231 0.026442307692307692 0.014423076923076924
1 0.3389423076923077 0.45552884615384615 0.02403846153846154 0.016826923076923076
1 0.33653846153846156 0.4699519230769231 0.02403846153846154 0.016826923076923076
1 0.33533653846153844 0.48677884615384615 0.02403846153846154 0.019230769230769232
1 0.38100961538461536 0.4387019230769231 0.04807692307692308 0.021634615384615384
1 0.3798076923076923 0.4579326923076923 0.05048076923076923 0.021634615384615384
1 0.3786057692307692 0.47475961538461536 0.05048076923076923 0.019230769230769232
1 0.37740384615384615 0.49158653846153844 0.05048076923076923 0.021634615384615384
1 0.4326923076923077 0.46274038461538464 0.05048076923076923 0.026442307692307692
1 0.43028846153846156 0.4795673076923077 0.05048076923076923 0.02403846153846154
1 0.42908653846153844 0.4951923076923077 0.05048076923076923 0.021634615384615384
1 0.48677884615384615 0.4483173076923077 0.05048076923076923 0.026442307692307692
1 0.4855769230769231 0.4675480769230769 0.052884615384615384 0.02403846153846154
1 0.484375 0.4831730769230769 0.05048076923076923 0.021634615384615384
1 0.4831730769230769 0.4987980769230769 0.05048076923076923 0.021634615384615384
1 0.5384615384615384 0.4699519230769231 0.052884615384615384 0.026442307692307692
1 0.5372596153846154 0.48677884615384615 0.052884615384615384 0.02403846153846154
1 0.5360576923076923 0.5060096153846154 0.052884615384615384 0.026442307692307692
1 0.5901442307692307 0.4723557692307692 0.052884615384615384 0.02403846153846154
1 0.5877403846153846 0.49038461538461536 0.052884615384615384 0.02403846153846154
1 0.5865384615384616 0.5072115384615384 0.052884615384615384 0.02403846153846154
1 0.6454326923076923 0.46153846153846156 0.05048076923076923 0.021634615384615384
1 0.6442307692307693 0.47836538461538464 0.052884615384615384 0.026442307692307692
1 0.6418269230769231 0.4987980769230769 0.052884615384615384 0.02403846153846154
1 0.6418269230769231 0.5108173076923077 0.052884615384615384 0.02403846153846154
1 0.6947115384615384 0.48197115384615385 0.05048076923076923 0.02403846153846154
1 0.6947115384615384 0.49759615384615385 0.04807692307692308 0.021634615384615384
1 0.6923076923076923 0.5144230769230769 0.05048076923076923 0.02403846153846154