1 0.11298076923076923 0.5540865384615384 0.052884615384615384 0.03125
1 0.11658653846153846 0.5697115384615384 0.04807692307692308 0.028846153846153848
1 0.16466346153846154 0.5420673076923077 0.052884615384615384 0.03125
1 0.16826923076923078 0.5576923076923077 0.052884615384615384 0.028846153846153848
1 0.171875 0.5745192307692307 0.05048076923076923 0.028846153846153848
1 0.21634615384615385 0.5276442307692307 0.052884615384615384 0.03125
1 0.21995192307692307 0.5432692307692307 0.052884615384615384 0.03125
1 0.22235576923076922 0.5600961538461539 0.05048076923076923 0.028846153846153848
1 0.2692307692307692 0.5192307692307693 0.04807692307692308 0.026442307692307692
1 0.27283653846153844 0.5336538461538461 0.05048076923076923 0.028846153846153848
1 0.27524038461538464 0.5480769230769231 0.052884615384615384 0.03125
1 0.3076923076923077 0.5108173076923077 0.028846153846153848 0.021634615384615384
1 0.31009615384615385 0.5264423076923077 0.028846153846153848 0.02403846153846154
1 0.31490384615384615 0.5420673076923077 0.028846153846153848 0.016826923076923076
1 0.3329326923076923 0.5036057692307693 0.026442307692307692 0.021634615384615384
1 0.33533653846153844 0.5192307692307693 0.026442307692307692 0.021634615384615384
1 0.3389423076923077 0.5360576923076923 0.026442307692307692 0.02403846153846154
1 0.36899038461538464 0.47596153846153844 0.05048076923076923 0.028846153846153848
1 0.37259615384615385 0.4951923076923077 0.052884615384615384 0.028846153846153848
1 0.3762019230769231 0.5108173076923077 0.052884615384615384 0.026442307692307692
1 0.38100961538461536 0.5276442307692307 0.052884615384615384 0.028846153846153848
1 0.42427884615384615 0.484375 0.052884615384615384 0.03365384615384615
1 0.42788461538461536 0.5012019230769231 0.052884615384615384 0.03125
1 0.43149038461538464 0.515625 0.052884615384615384 0.028846153846153848
1 0.4723557692307692 0.4543269230769231 0.052884615384615384 0.03365384615384615
1 0.47716346153846156 0.4735576923076923 0.052884615384615384 0.03125
1 0.4795673076923077 0.4879807692307692 0.052884615384615384 0.028846153846153848
1 0.4831730769230769 0.5036057692307693 0.052884615384615384 0.028846153846153848
1 0.5276442307692307 0.46033653846153844 0.055288461538461536 0.03365384615384615
1 0.53125 0.47716346153846156 0.052884615384615384 0.03125
1 0.5360576923076923 0.4951923076923077 0.055288461538461536 0.03365384615384615
1 0.578125 0.44711538461538464 0.052884615384615384 0.03125
1 0.5805288461538461 0.4651442307692308 0.052884615384615384 0.03125
1 0.5841346153846154 0.48197115384615385 0.052884615384615384 0.03125
1 0.6274038461538461 0.4206730769230769 0.052884615384615384 0.028846153846153848
1 0.6310096153846154 0.4375 0.055288461538461536 0.036057692307692304
1 0.6358173076923077 0.4579326923076923 0.055288461538461536 0.03365384615384615
1 0.6382211538461539 0.46875 0.055288461538461536 0.03365384615384615
1 0.6814903846153846 0.4254807692307692 0.052884615384615384 0.03125
1 0.6850961538461539 0.4411057692307692 0.05048076923076923 0.028846153846153848
1 0.6875 0.4579326923076923 0.052884615384615384 0.03125