1 0.75 0.875 0.4182692307692308 0.25
1 0.5216346153846154 0.8545673076923077 0.13701923076923078 0.27884615384615385
1 0.7379807692307693 0.6526442307692307 0.5048076923076923 0.32211538461538464
1 0.7572115384615384 0.4170673076923077 0.4855769230769231 0.3245192307692308
1 0.7307692307692307 0.16947115384615385 0.5384615384615384 0.3245192307692308
1 0.4411057692307692 0.11899038461538461 0.12259615384615384 0.23798076923076922
1 0.359375 0.11057692307692307 0.11298076923076923 0.22115384615384615
1 0.4098557692307692 0.3425480769230769 0.125 0.2620192307692308
1 0.38461538461538464 0.5625 0.12740384615384615 0.25721153846153844
1 0.34975961538461536 0.7824519230769231 0.1201923076923077 0.25721153846153844
1 0.33413461538461536 0.9302884615384616 0.0985576923076923 0.11057692307692307
1 0.4963942307692308 0.3701923076923077 0.12980769230769232 0.2644230769230769
1 0.4579326923076923 0.5961538461538461 0.12980769230769232 0.2692307692307692
1 0.4266826923076923 0.8197115384615384 0.1466346153846154 0.2644230769230769
1 0.41346153846153844 0.9555288461538461 0.11298076923076923 0.08653846153846154
1 0.25961538461538464 0.90625 0.11057692307692307 0.1346153846153846
1 0.28365384615384615 0.7536057692307693 0.1201923076923077 0.25
1 0.30528846153846156 0.5360576923076923 0.11778846153846154 0.24759615384615385
1 0.33052884615384615 0.31490384615384615 0.10817307692307693 0.24278846153846154
1 0.25721153846153844 0.29447115384615385 0.125 0.24278846153846154
1 0.23197115384615385 0.5084134615384616 0.14182692307692307 0.25
1 0.20192307692307693 0.71875 0.1201923076923077 0.24759615384615385
1 0.18028846153846154 0.8822115384615384 0.10096153846153846 0.15865384615384615
1 0.16466346153846154 0.4795673076923077 0.10817307692307693 0.24278846153846154
1 0.13341346153846154 0.6887019230769231 0.0985576923076923 0.23557692307692307
1 0.11177884615384616 0.8629807692307693 0.11057692307692307 0.18269230769230768
1 0.09495192307692307 0.45913461538461536 0.10817307692307693 0.23798076923076922
1 0.06610576923076923 0.6598557692307693 0.11057692307692307 0.23798076923076922
1 0.042067307692307696 0.8425480769230769 0.08413461538461539 0.19471153846153846
1 0.014423076923076924 0.8269230769230769 0.028846153846153848 0.21153846153846154
1 0.028846153846153848 0.6310096153846154 0.057692307692307696 0.21875
1 0.039663461538461536 0.4423076923076923 0.07932692307692307 0.22596153846153846
1 0.16826923076923078 0.25240384615384615 0.2956730769230769 0.25721153846153844
1 0.19471153846153846 0.08413461538461539 0.2980769230769231 0.16826923076923078