1 0.9495192307692307 0.7716346153846154 0.0889423076923077 0.1778846153846154
1 0.8557692307692307 0.7776442307692307 0.12740384615384615 0.19230769230769232
1 0.7355769230769231 0.7860576923076923 0.13701923076923078 0.18509615384615385
1 0.6225961538461539 0.7920673076923077 0.12259615384615384 0.19230769230769232
1 0.5144230769230769 0.7980769230769231 0.11057692307692307 0.1778846153846154
1 0.4014423076923077 0.8028846153846154 0.12259615384615384 0.1971153846153846
1 0.296875 0.8088942307692307 0.11778846153846154 0.19230769230769232
1 0.18509615384615385 0.8233173076923077 0.11057692307692307 0.1778846153846154
1 0.08533653846153846 0.8233173076923077 0.11778846153846154 0.1971153846153846
1 0.026442307692307692 0.8221153846153846 0.052884615384615384 0.18269230769230768
1 0.028846153846153848 0.6538461538461539 0.057692307692307696 0.1778846153846154
1 0.0985576923076923 0.6538461538461539 0.10096153846153846 0.17067307692307693
1 0.19591346153846154 0.6646634615384616 0.11057692307692307 0.17067307692307693
1 0.30288461538461536 0.6394230769230769 0.1201923076923077 0.17307692307692307
1 0.4074519230769231 0.6334134615384616 0.11778846153846154 0.18028846153846154
1 0.5132211538461539 0.6370192307692307 0.11057692307692307 0.18509615384615385
1 0.6262019230769231 0.6201923076923077 0.13221153846153846 0.20432692307692307
1 0.7415865384615384 0.6081730769230769 0.13221153846153846 0.21153846153846154
1 0.8641826923076923 0.5973557692307693 0.14182692307692307 0.21153846153846154
1 0.9591346153846154 0.5889423076923077 0.08173076923076923 0.22115384615384615
1 0.8413461538461539 0.4206730769230769 0.3173076923076923 0.21153846153846154
1 0.6298076923076923 0.4326923076923077 0.12740384615384615 0.21153846153846154
1 0.5192307692307693 0.4699519230769231 0.1201923076923077 0.17307692307692307
1 0.41586538461538464 0.46274038461538464 0.12259615384615384 0.18028846153846154
1 0.9555288461538461 0.3485576923076923 0.0889423076923077 0.11538461538461539
1 0.8689903846153846 0.31971153846153844 0.10817307692307693 0.09615384615384616
1 0.9579326923076923 0.09014423076923077 0.08413461538461539 0.1466346153846154
1 0.8713942307692307 0.20072115384615385 0.11057692307692307 0.17067307692307693
1 0.8701923076923077 0.07572115384615384 0.10817307692307693 0.12740384615384615
1 0.7692307692307693 0.078125 0.11538461538461539 0.14182692307692307
1 0.7704326923076923 0.2091346153846154 0.11057692307692307 0.18990384615384615
1 0.6694711538461539 0.08413461538461539 0.11538461538461539 0.15384615384615385
1 0.6694711538461539 0.22115384615384615 0.11057692307692307 0.18990384615384615
1 0.5697115384615384 0.08653846153846154 0.11538461538461539 0.1658653846153846
1 0.5673076923076923 0.23677884615384615 0.11778846153846154 0.18509615384615385
1 0.47115384615384615 0.24879807692307693 0.11057692307692307 0.1778846153846154
1 0.47475961538461536 0.09615384615384616 0.10096153846153846 0.1778846153846154
1 0.3858173076923077 0.1045673076923077 0.10096153846153846 0.18509615384615385
1 0.38341346153846156 0.2668269230769231 0.09615384615384616 0.1778846153846154
1 0.2920673076923077 0.4338942307692308 0.10576923076923077 0.1658653846153846
1 0.2956730769230769 0.2704326923076923 0.11057692307692307 0.1778846153846154
1 0.2980769230769231 0.12740384615384615 0.09134615384615384 0.1658653846153846
1 0.2091346153846154 0.13341346153846154 0.10096153846153846 0.18509615384615385
1 0.20432692307692307 0.2860576923076923 0.09134615384615384 0.17067307692307693
1 0.19831730769230768 0.44591346153846156 0.11057692307692307 0.1778846153846154
1 0.1141826923076923 0.46153846153846156 0.09134615384615384 0.15384615384615385
1 0.11899038461538461 0.3112980769230769 0.10096153846153846 0.17067307692307693
1 0.12259615384615384 0.15865384615384615 0.10576923076923077 0.1778846153846154