1 0.9675480769230769 0.6983173076923077 0.06490384615384616 0.18509615384615385
1 0.8954326923076923 0.71875 0.14182692307692307 0.20192307692307693
1 0.7776442307692307 0.7451923076923077 0.15144230769230768 0.1971153846153846
1 0.6658653846153846 0.7692307692307693 0.13701923076923078 0.19951923076923078
1 0.5612980769230769 0.7920673076923077 0.125 0.1875
1 0.45072115384615385 0.8149038461538461 0.13701923076923078 0.20673076923076922
1 0.3473557692307692 0.8377403846153846 0.13221153846153846 0.19951923076923078
1 0.2403846153846154 0.8689903846153846 0.125 0.1875
1 0.14182692307692307 0.8846153846153846 0.13221153846153846 0.20673076923076922
1 0.07692307692307693 0.8942307692307693 0.08173076923076923 0.1875
1 0.054086538461538464 0.7283653846153846 0.08173076923076923 0.18269230769230768
1 0.12860576923076922 0.7151442307692307 0.11538461538461539 0.1778846153846154
1 0.22596153846153846 0.7103365384615384 0.125 0.18028846153846154
1 0.3269230769230769 0.6694711538461539 0.1346153846153846 0.18028846153846154
1 0.42908653846153844 0.6466346153846154 0.13221153846153846 0.1875
1 0.5348557692307693 0.6334134615384616 0.125 0.19230769230769232
1 0.6430288461538461 0.5985576923076923 0.14903846153846154 0.21394230769230768
1 0.7560096153846154 0.5697115384615384 0.14903846153846154 0.22115384615384615
1 0.875 0.5384615384615384 0.15865384615384615 0.22115384615384615
1 0.9591346153846154 0.5168269230769231 0.08173076923076923 0.22596153846153846
1 0.8293269230769231 0.36899038461538464 0.33653846153846156 0.23557692307692307
1 0.6177884615384616 0.41346153846153844 0.14423076923076922 0.21875
1 0.5144230769230769 0.46634615384615385 0.1346153846153846 0.18028846153846154
1 0.4110576923076923 0.47596153846153844 0.13701923076923078 0.1875
1 0.9302884615384616 0.27884615384615385 0.10336538461538461 0.12259615384615384
1 0.8365384615384616 0.26322115384615385 0.11538461538461539 0.10576923076923077
1 0.8954326923076923 0.04927884615384615 0.11298076923076923 0.0985576923076923
1 0.8197115384615384 0.14543269230769232 0.125 0.18028846153846154
1 0.7980769230769231 0.04567307692307692 0.1201923076923077 0.09134615384615384
1 0.7007211538461539 0.057692307692307696 0.12740384615384615 0.11538461538461539
1 0.7211538461538461 0.17067307692307693 0.12740384615384615 0.19951923076923078
1 0.6021634615384616 0.07211538461538461 0.12740384615384615 0.14423076923076922
1 0.6237980769230769 0.19831730769230768 0.12740384615384615 0.19951923076923078
1 0.5024038461538461 0.08413461538461539 0.12980769230769232 0.16826923076923078
1 0.5252403846153846 0.22956730769230768 0.13221153846153846 0.19471153846153846
1 0.4326923076923077 0.25600961538461536 0.125 0.1875
1 0.4110576923076923 0.10576923076923077 0.11538461538461539 0.18509615384615385
1 0.32572115384615385 0.12740384615384615 0.11538461538461539 0.19230769230769232
1 0.3485576923076923 0.28846153846153844 0.11057692307692307 0.18509615384615385
1 0.28365384615384615 0.4675480769230769 0.11778846153846154 0.17307692307692307
1 0.2620192307692308 0.30528846153846156 0.125 0.1875
1 0.24158653846153846 0.16346153846153846 0.10336538461538461 0.17067307692307693
1 0.15625 0.18389423076923078 0.11538461538461539 0.19230769230769232
1 0.17427884615384615 0.33533653846153844 0.10576923076923077 0.1778846153846154
1 0.1935096153846154 0.49399038461538464 0.125 0.1875
1 0.11298076923076923 0.5216346153846154 0.10336538461538461 0.15865384615384615
1 0.09495192307692307 0.37259615384615385 0.11538461538461539 0.1778846153846154
1 0.0733173076923077 0.22235576923076922 0.1201923076923077 0.1875