1 0.9723557692307693 0.6538461538461539 0.055288461538461536 0.1875
1 0.9122596153846154 0.6838942307692307 0.15625 0.2091346153846154
1 0.7980769230769231 0.7211538461538461 0.1658653846153846 0.20432692307692307
1 0.6887019230769231 0.7536057692307693 0.15144230769230768 0.20673076923076922
1 0.5865384615384616 0.7848557692307693 0.13942307692307693 0.19230769230769232
1 0.47836538461538464 0.8185096153846154 0.15384615384615385 0.21394230769230768
1 0.37740384615384615 0.8497596153846154 0.1466346153846154 0.20673076923076922
1 0.27283653846153844 0.8894230769230769 0.13942307692307693 0.19230769230769232
1 0.17548076923076922 0.9038461538461539 0.14903846153846154 0.19230769230769232
1 0.11298076923076923 0.9170673076923077 0.09615384615384616 0.1658653846153846
1 0.07572115384615384 0.765625 0.09615384615384616 0.18509615384615385
1 0.14783653846153846 0.7463942307692307 0.12740384615384615 0.18509615384615385
1 0.24519230769230768 0.7331730769230769 0.13701923076923078 0.1875
1 0.3425480769230769 0.6838942307692307 0.14903846153846154 0.1875
1 0.4423076923076923 0.6526442307692307 0.14423076923076922 0.19471153846153846
1 0.5456730769230769 0.6298076923076923 0.13942307692307693 0.19951923076923078
1 0.6514423076923077 0.5853365384615384 0.16346153846153846 0.22115384615384615
1 0.7608173076923077 0.546875 0.1658653846153846 0.2283653846153846
1 0.8774038461538461 0.5060096153846154 0.17548076923076922 0.23076923076923078
1 0.9543269230769231 0.47716346153846156 0.09134615384615384 0.2283653846153846
1 0.8161057692307693 0.3401442307692308 0.3485576923076923 0.25961538461538464
1 0.609375 0.4026442307692308 0.16105769230769232 0.2283653846153846
1 0.5108173076923077 0.4651442307692308 0.14903846153846154 0.1875
1 0.4098557692307692 0.4831730769230769 0.14903846153846154 0.19471153846153846
1 0.9098557692307693 0.24158653846153846 0.11298076923076923 0.12980769230769232
1 0.8149038461538461 0.23557692307692307 0.12259615384615384 0.11298076923076923
1 0.8521634615384616 0.03485576923076923 0.12259615384615384 0.06971153846153846
1 0.7872596153846154 0.11899038461538461 0.13701923076923078 0.1875
1 0.7560096153846154 0.03485576923076923 0.12740384615384615 0.06971153846153846
1 0.6598557692307693 0.051682692307692304 0.13701923076923078 0.10336538461538461
1 0.6911057692307693 0.15264423076923078 0.14182692307692307 0.20432692307692307
1 0.5625 0.06971153846153846 0.13942307692307693 0.13942307692307693
1 0.5973557692307693 0.18870192307692307 0.14182692307692307 0.20432692307692307
1 0.4675480769230769 0.08653846153846154 0.14182692307692307 0.17307692307692307
1 0.5012019230769231 0.2283653846153846 0.1466346153846154 0.19951923076923078
1 0.4110576923076923 0.26322115384615385 0.13942307692307693 0.19230769230769232
1 0.37740384615384615 0.1141826923076923 0.12980769230769232 0.19230769230769232
1 0.29447115384615385 0.14423076923076922 0.12980769230769232 0.1971153846153846
1 0.33052884615384615 0.30288461538461536 0.125 0.18990384615384615
1 0.2824519230769231 0.4855769230769231 0.13221153846153846 0.18028846153846154
1 0.24519230769230768 0.3269230769230769 0.13942307692307693 0.19230769230769232
1 0.21394230769230768 0.1875 0.11778846153846154 0.17548076923076922
1 0.12980769230769232 0.21514423076923078 0.12980769230769232 0.1971153846153846
1 0.16105769230769232 0.3641826923076923 0.11778846153846154 0.18269230769230768
1 0.19471153846153846 0.5204326923076923 0.13942307692307693 0.19230769230769232
1 0.11658653846153846 0.5552884615384616 0.11538461538461539 0.1658653846153846
1 0.08533653846153846 0.40865384615384615 0.12740384615384615 0.18509615384615385
1 0.05889423076923077 0.25961538461538464 0.11778846153846154 0.19230769230769232