1 0.17307692307692307 0.13581730769230768 0.21394230769230768 0.13221153846153846
1 0.16826923076923078 0.20552884615384615 0.23317307692307693 0.14423076923076922
1 0.1502403846153846 0.28125 0.23557692307692307 0.15144230769230768
1 0.13221153846153846 0.3641826923076923 0.23798076923076922 0.14903846153846154
1 0.11538461538461539 0.44471153846153844 0.23076923076923078 0.14903846153846154
1 0.10576923076923077 0.5264423076923077 0.21153846153846154 0.14903846153846154
1 0.38461538461538464 0.2764423076923077 0.23076923076923078 0.14423076923076922
1 0.27403846153846156 0.25 0.04326923076923077 0.08173076923076923
1 0.36538461538461536 0.3557692307692308 0.23317307692307693 0.13942307692307693
1 0.3485576923076923 0.43149038461538464 0.23317307692307693 0.14182692307692307
1 0.3389423076923077 0.5108173076923077 0.21875 0.1346153846153846
1 0.31971153846153844 0.5889423076923077 0.21634615384615385 0.13221153846153846
1 0.42788461538461536 0.23557692307692307 0.028846153846153848 0.03125
1 0.45072115384615385 0.23677884615384615 0.03365384615384615 0.052884615384615384
1 0.4735576923076923 0.24158653846153846 0.036057692307692304 0.06490384615384616
1 0.49759615384615385 0.2439903846153846 0.04326923076923077 0.08173076923076923
1 0.6033653846153846 0.2704326923076923 0.2091346153846154 0.13701923076923078
1 0.5865384615384616 0.34615384615384615 0.2091346153846154 0.13701923076923078
1 0.5661057692307693 0.4206730769230769 0.21634615384615385 0.1346153846153846
1 0.5528846153846154 0.49278846153846156 0.21394230769230768 0.13221153846153846
1 0.5420673076923077 0.5661057692307693 0.20192307692307693 0.12980769230769232
1 0.5264423076923077 0.6418269230769231 0.20192307692307693 0.12740384615384615
1 0.7764423076923077 0.36177884615384615 0.19230769230769232 0.11298076923076923
1 0.7596153846153846 0.4254807692307692 0.19951923076923078 0.125
1 0.7463942307692307 0.4879807692307692 0.20192307692307693 0.12740384615384615
1 0.7319711538461539 0.5528846153846154 0.19230769230769232 0.11778846153846154
1 0.7259615384615384 0.6201923076923077 0.18509615384615385 0.125
1 0.7115384615384616 0.6923076923076923 0.18509615384615385 0.1201923076923077
1 0.9242788461538461 0.39663461538461536 0.15144230769230768 0.1201923076923077
1 0.9182692307692307 0.46274038461538464 0.16346153846153846 0.12259615384615384
1 0.9122596153846154 0.53125 0.17548076923076922 0.125
1 0.9014423076923077 0.5973557692307693 0.18509615384615385 0.12259615384615384
1 0.8954326923076923 0.6646634615384616 0.16346153846153846 0.11298076923076923
1 0.8798076923076923 0.7367788461538461 0.1658653846153846 0.11057692307692307