1 0.125 0.7043269230769231 0.25 0.4567307692307692
1 0.4074519230769231 0.5120192307692307 0.5504807692307693 0.4855769230769231
1 0.4098557692307692 0.671875 0.4879807692307692 0.4110576923076923
1 0.6658653846153846 0.5552884615384616 0.07451923076923077 0.13221153846153846
1 0.7127403846153846 0.5192307692307693 0.05048076923076923 0.10817307692307693
1 0.6165865384615384 0.4254807692307692 0.2644230769230769 0.23798076923076922
1 0.6935096153846154 0.328125 0.16105769230769232 0.07932692307692307
1 0.7223557692307693 0.30288461538461536 0.11057692307692307 0.05048076923076923
1 0.7175480769230769 0.28125 0.0985576923076923 0.05048076923076923
1 0.6850961538461539 0.27524038461538464 0.11057692307692307 0.07211538461538461
1 0.6262019230769231 0.25961538461538464 0.052884615384615384 0.06490384615384616
1 0.6105769230769231 0.2439903846153846 0.0985576923076923 0.07451923076923077
1 0.5612980769230769 0.2247596153846154 0.08173076923076923 0.06490384615384616
1 0.47475961538461536 0.19230769230769232 0.0889423076923077 0.057692307692307696
1 0.4699519230769231 0.21754807692307693 0.09134615384615384 0.04567307692307692
1 0.41947115384615385 0.1778846153846154 0.06009615384615385 0.05048076923076923
1 0.4098557692307692 0.20192307692307693 0.04807692307692308 0.036057692307692304
1 0.46875 0.14423076923076922 0.021634615384615384 0.01201923076923077
1 0.46634615384615385 0.15144230769230768 0.021634615384615384 0.01201923076923077
1 0.4831730769230769 0.14423076923076922 0.014423076923076924 0.01201923076923077
1 0.4807692307692308 0.15384615384615385 0.016826923076923076 0.01201923076923077
1 0.5024038461538461 0.14903846153846154 0.026442307692307692 0.014423076923076924
1 0.5 0.15625 0.026442307692307692 0.014423076923076924
1 0.5252403846153846 0.15384615384615385 0.028846153846153848 0.014423076923076924
1 0.5240384615384616 0.15985576923076922 0.028846153846153848 0.014423076923076924
1 0.5649038461538461 0.1622596153846154 0.03365384615384615 0.014423076923076924
1 0.5540865384615384 0.16706730769230768 0.03365384615384615 0.01201923076923077
1 0.5925480769230769 0.16706730769230768 0.026442307692307692 0.014423076923076924
1 0.6177884615384616 0.17067307692307693 0.028846153846153848 0.014423076923076924
1 0.6394230769230769 0.17548076923076922 0.021634615384615384 0.01201923076923077
1 0.6538461538461539 0.1778846153846154 0.009615384615384616 0.004807692307692308
1 0.6694711538461539 0.18028846153846154 0.021634615384615384 0.01201923076923077
1 0.6670673076923077 0.1875 0.021634615384615384 0.01201923076923077
1 0.6875 0.18389423076923078 0.021634615384615384 0.01201923076923077
1 0.6850961538461539 0.18990384615384615 0.021634615384615384 0.01201923076923077
1 0.703125 0.1875 0.014423076923076924 0.009615384615384616
1 0.7019230769230769 0.19230769230769232 0.016826923076923076 0.009615384615384616
1 0.7199519230769231 0.18990384615384615 0.016826923076923076 0.009615384615384616
1 0.7175480769230769 0.19591346153846154 0.016826923076923076 0.009615384615384616
1 0.8497596153846154 0.21754807692307693 0.021634615384615384 0.01201923076923077
1 0.8485576923076923 0.22235576923076922 0.021634615384615384 0.009615384615384616
1 0.828125 0.21153846153846154 0.019230769230769232 0.009615384615384616
1 0.828125 0.21754807692307693 0.021634615384615384 0.009615384615384616
1 0.8076923076923077 0.20673076923076922 0.02403846153846154 0.01201923076923077
1 0.8064903846153846 0.2127403846153846 0.021634615384615384 0.009615384615384616
1 0.7896634615384616 0.20432692307692307 0.021634615384615384 0.009615384615384616
1 0.7884615384615384 0.2091346153846154 0.021634615384615384 0.009615384615384616
1 0.7692307692307693 0.20072115384615385 0.019230769230769232 0.009615384615384616
1 0.7524038461538461 0.19591346153846154 0.019230769230769232 0.009615384615384616
1 0.7536057692307693 0.20192307692307693 0.021634615384615384 0.007211538461538462
1 0.734375 0.1935096153846154 0.016826923076923076 0.01201923076923077