1 0.13341346153846154 0.7944711538461539 0.2644230769230769 0.40865384615384615
1 0.41225961538461536 0.5324519230769231 0.47596153846153844 0.3894230769230769
1 0.45072115384615385 0.6875 0.42788461538461536 0.3245192307692308
1 0.6742788461538461 0.5168269230769231 0.04807692307692308 0.125
1 0.7115384615384616 0.47115384615384615 0.028846153846153848 0.10576923076923077
1 0.5973557692307693 0.4014423076923077 0.22596153846153846 0.19230769230769232
1 0.6502403846153846 0.28846153846153844 0.15384615384615385 0.04567307692307692
1 0.671875 0.25841346153846156 0.10576923076923077 0.026442307692307692
1 0.6622596153846154 0.23798076923076922 0.09375 0.028846153846153848
1 0.6298076923076923 0.23918269230769232 0.10096153846153846 0.052884615384615384
1 0.5685096153846154 0.23798076923076922 0.04326923076923077 0.057692307692307696
1 0.5504807692307693 0.22596153846153846 0.08653846153846154 0.057692307692307696
1 0.49759615384615385 0.21754807692307693 0.07211538461538461 0.05048076923076923
1 0.40625 0.20552884615384615 0.08173076923076923 0.038461538461538464
1 0.4074519230769231 0.23197115384615385 0.08653846153846154 0.026442307692307692
1 0.3485576923076923 0.20432692307692307 0.052884615384615384 0.038461538461538464
1 0.3449519230769231 0.22956730769230768 0.04326923076923077 0.026442307692307692
1 0.3894230769230769 0.15985576923076922 0.019230769230769232 0.009615384615384616
1 0.3894230769230769 0.16826923076923078 0.019230769230769232 0.009615384615384616
1 0.40384615384615385 0.15745192307692307 0.014423076923076924 0.009615384615384616
1 0.40384615384615385 0.16706730769230768 0.014423076923076924 0.009615384615384616
1 0.4230769230769231 0.15745192307692307 0.02403846153846154 0.009615384615384616
1 0.4230769230769231 0.16466346153846154 0.02403846153846154 0.009615384615384616
1 0.44711538461538464 0.15745192307692307 0.026442307692307692 0.009615384615384616
1 0.44711538461538464 0.16346153846153846 0.026442307692307692 0.009615384615384616
1 0.48677884615384615 0.15625 0.03365384615384615 0.009615384615384616
1 0.47836538461538464 0.16346153846153846 0.03365384615384615 0.004807692307692308
1 0.515625 0.15504807692307693 0.02403846153846154 0.009615384615384616
1 0.5408653846153846 0.15264423076923078 0.026442307692307692 0.009615384615384616
1 0.5625 0.15264423076923078 0.019230769230769232 0.009615384615384616
1 0.5769230769230769 0.15144230769230768 0.009615384615384616 0.004807692307692308
1 0.59375 0.1502403846153846 0.019230769230769232 0.009615384615384616
1 0.5925480769230769 0.15745192307692307 0.019230769230769232 0.009615384615384616
1 0.6117788461538461 0.1502403846153846 0.019230769230769232 0.009615384615384616
1 0.6105769230769231 0.15625 0.019230769230769232 0.009615384615384616
1 0.6274038461538461 0.1502403846153846 0.014423076923076924 0.004807692307692308
1 0.6274038461538461 0.15504807692307693 0.014423076923076924 0.004807692307692308
1 0.6442307692307693 0.14903846153846154 0.014423076923076924 0.004807692307692308
1 0.6442307692307693 0.15504807692307693 0.014423076923076924 0.004807692307692308
1 0.7776442307692307 0.14543269230769232 0.019230769230769232 0.009615384615384616
1 0.7776442307692307 0.15144230769230768 0.021634615384615384 0.004807692307692308
1 0.7548076923076923 0.14543269230769232 0.019230769230769232 0.004807692307692308
1 0.7560096153846154 0.15144230769230768 0.021634615384615384 0.004807692307692308
1 0.734375 0.14543269230769232 0.021634615384615384 0.009615384615384616
1 0.734375 0.15144230769230768 0.021634615384615384 0.004807692307692308
1 0.7151442307692307 0.1466346153846154 0.021634615384615384 0.004807692307692308
1 0.7151442307692307 0.15144230769230768 0.021634615384615384 0.004807692307692308
1 0.6947115384615384 0.14783653846153846 0.019230769230769232 0.004807692307692308
1 0.6778846153846154 0.1466346153846154 0.019230769230769232 0.004807692307692308
1 0.6802884615384616 0.15264423076923078 0.021634615384615384 0.004807692307692308
1 0.6598557692307693 0.14903846153846154 0.014423076923076924 0.009615384615384616