1 0.12620192307692307 0.7319711538461539 0.25240384615384615 0.44471153846153844
1 0.40865384615384615 0.5180288461538461 0.5288461538461539 0.45913461538461536
1 0.421875 0.6778846153846154 0.47115384615384615 0.3870192307692308
1 0.6694711538461539 0.5444711538461539 0.0673076923076923 0.12980769230769232
1 0.7139423076923077 0.5048076923076923 0.04567307692307692 0.10817307692307693
1 0.6117788461538461 0.4182692307692308 0.2548076923076923 0.22596153846153846
1 0.6814903846153846 0.31490384615384615 0.16105769230769232 0.06971153846153846
1 0.7079326923076923 0.28846153846153844 0.11057692307692307 0.04326923076923077
1 0.7007211538461539 0.2668269230769231 0.09615384615384616 0.04326923076923077
1 0.6694711538461539 0.26322115384615385 0.10817307692307693 0.0673076923076923
1 0.6081730769230769 0.25240384615384615 0.05048076923076923 0.0625
1 0.5925480769230769 0.23677884615384615 0.09615384615384616 0.06971153846153846
1 0.5420673076923077 0.22115384615384615 0.07932692307692307 0.06009615384615385
1 0.453125 0.19471153846153846 0.0889423076923077 0.052884615384615384
1 0.45072115384615385 0.22115384615384615 0.09134615384615384 0.040865384615384616
1 0.39663461538461536 0.18389423076923078 0.057692307692307696 0.04567307692307692
1 0.3894230769230769 0.2091346153846154 0.04567307692307692 0.03365384615384615
1 0.44350961538461536 0.1466346153846154 0.019230769230769232 0.01201923076923077
1 0.4423076923076923 0.15504807692307693 0.019230769230769232 0.01201923076923077
1 0.45913461538461536 0.1466346153846154 0.014423076923076924 0.01201923076923077
1 0.4567307692307692 0.15625 0.016826923076923076 0.01201923076923077
1 0.47716346153846156 0.14903846153846154 0.02403846153846154 0.01201923076923077
1 0.47596153846153844 0.15625 0.02403846153846154 0.01201923076923077
1 0.5012019230769231 0.15384615384615385 0.026442307692307692 0.014423076923076924
1 0.5 0.15985576923076922 0.026442307692307692 0.01201923076923077
1 0.5408653846153846 0.15865384615384615 0.03365384615384615 0.014423076923076924
1 0.53125 0.16466346153846154 0.03365384615384615 0.01201923076923077
1 0.5697115384615384 0.1622596153846154 0.02403846153846154 0.01201923076923077
1 0.5949519230769231 0.16346153846153846 0.026442307692307692 0.014423076923076924
1 0.6165865384615384 0.16706730769230768 0.019230769230769232 0.01201923076923077
1 0.6310096153846154 0.16826923076923078 0.009615384615384616 0.004807692307692308
1 0.6478365384615384 0.16947115384615385 0.019230769230769232 0.01201923076923077
1 0.6454326923076923 0.17668269230769232 0.019230769230769232 0.01201923076923077
1 0.6646634615384616 0.171875 0.019230769230769232 0.01201923076923077
1 0.6634615384615384 0.1778846153846154 0.019230769230769232 0.01201923076923077
1 0.6802884615384616 0.17427884615384615 0.014423076923076924 0.007211538461538462
1 0.6802884615384616 0.17908653846153846 0.016826923076923076 0.007211538461538462
1 0.6971153846153846 0.17548076923076922 0.016826923076923076 0.007211538461538462
1 0.6959134615384616 0.1814903846153846 0.016826923076923076 0.007211538461538462
1 0.8293269230769231 0.1935096153846154 0.019230769230769232 0.01201923076923077
1 0.8293269230769231 0.19951923076923078 0.021634615384615384 0.009615384615384616
1 0.8076923076923077 0.18990384615384615 0.019230769230769232 0.009615384615384616
1 0.8076923076923077 0.19591346153846154 0.021634615384615384 0.009615384615384616
1 0.7872596153846154 0.18629807692307693 0.021634615384615384 0.01201923076923077
1 0.7860576923076923 0.19230769230769232 0.021634615384615384 0.009615384615384616
1 0.7680288461538461 0.18509615384615385 0.021634615384615384 0.009615384615384616
1 0.7668269230769231 0.18990384615384615 0.021634615384615384 0.009615384615384616
1 0.7475961538461539 0.18269230769230768 0.019230769230769232 0.009615384615384616
1 0.7307692307692307 0.17908653846153846 0.019230769230769232 0.009615384615384616
1 0.7319711538461539 0.18509615384615385 0.021634615384615384 0.007211538461538462
1 0.7127403846153846 0.1778846153846154 0.016826923076923076 0.009615384615384616