1 0.09375 0.45913461538461536 0.019230769230769232 0.016826923076923076
1 0.09254807692307693 0.47115384615384615 0.019230769230769232 0.016826923076923076
1 0.11177884615384616 0.46033653846153844 0.021634615384615384 0.016826923076923076
1 0.11057692307692307 0.4723557692307692 0.021634615384615384 0.016826923076923076
1 0.14302884615384615 0.4579326923076923 0.04326923076923077 0.019230769230769232
1 0.14182692307692307 0.47475961538461536 0.040865384615384616 0.019230769230769232
1 0.18389423076923078 0.4579326923076923 0.04567307692307692 0.016826923076923076
1 0.18389423076923078 0.4735576923076923 0.04567307692307692 0.016826923076923076
1 0.19471153846153846 0.44591346153846156 0.02403846153846154 0.01201923076923077
1 0.2283653846153846 0.4423076923076923 0.04567307692307692 0.016826923076923076
1 0.2283653846153846 0.4579326923076923 0.04567307692307692 0.021634615384615384
1 0.22716346153846154 0.47475961538461536 0.04567307692307692 0.019230769230769232
1 0.2439903846153846 0.43028846153846156 0.04807692307692308 0.016826923076923076
1 0.27283653846153844 0.44350961538461536 0.04567307692307692 0.016826923076923076
1 0.27403846153846156 0.45913461538461536 0.04326923076923077 0.016826923076923076
1 0.27163461538461536 0.47596153846153844 0.04567307692307692 0.019230769230769232
1 0.31850961538461536 0.43149038461538464 0.04567307692307692 0.019230769230769232
1 0.31850961538461536 0.44471153846153844 0.04807692307692308 0.016826923076923076
1 0.31850961538461536 0.46033653846153844 0.04567307692307692 0.021634615384615384
1 0.3161057692307692 0.47596153846153844 0.04326923076923077 0.016826923076923076
1 0.36538461538461536 0.4326923076923077 0.04567307692307692 0.019230769230769232
1 0.36538461538461536 0.44591346153846156 0.04326923076923077 0.019230769230769232
1 0.3629807692307692 0.46153846153846156 0.04326923076923077 0.016826923076923076
1 0.36177884615384615 0.47716346153846156 0.04567307692307692 0.016826923076923076
1 0.40865384615384615 0.43149038461538464 0.04567307692307692 0.016826923076923076
1 0.4074519230769231 0.44711538461538464 0.04567307692307692 0.016826923076923076
1 0.4074519230769231 0.46153846153846156 0.04567307692307692 0.019230769230769232
1 0.40625 0.47836538461538464 0.04567307692307692 0.019230769230769232
1 0.4543269230769231 0.43149038461538464 0.04567307692307692 0.019230769230769232
1 0.453125 0.44711538461538464 0.04567307692307692 0.019230769230769232
1 0.4543269230769231 0.46274038461538464 0.04326923076923077 0.019230769230769232
1 0.4519230769230769 0.47836538461538464 0.04567307692307692 0.019230769230769232
1 0.4987980769230769 0.43149038461538464 0.04567307692307692 0.019230769230769232
1 0.4987980769230769 0.44591346153846156 0.04567307692307692 0.019230769230769232
1 0.5 0.4639423076923077 0.04567307692307692 0.019230769230769232
1 0.49759615384615385 0.4807692307692308 0.04807692307692308 0.016826923076923076
1 0.5528846153846154 0.4326923076923077 0.04807692307692308 0.019230769230769232
1 0.546875 0.4495192307692308 0.04567307692307692 0.016826923076923076
1 0.5456730769230769 0.4675480769230769 0.04567307692307692 0.019230769230769232
1 0.5444711538461539 0.48197115384615385 0.04567307692307692 0.021634615384615384
1 0.5901442307692307 0.4543269230769231 0.04567307692307692 0.016826923076923076
1 0.5901442307692307 0.46875 0.04567307692307692 0.016826923076923076
1 0.5901442307692307 0.484375 0.04326923076923077 0.019230769230769232
1 0.6021634615384616 0.4375 0.04567307692307692 0.016826923076923076
1 0.6418269230769231 0.43990384615384615 0.038461538461538464 0.01201923076923077
1 0.6394230769230769 0.453125 0.04567307692307692 0.016826923076923076
1 0.6370192307692307 0.46875 0.04567307692307692 0.019230769230769232
1 0.6370192307692307 0.4831730769230769 0.04567307692307692 0.019230769230769232
1 0.6862980769230769 0.4362980769230769 0.04807692307692308 0.019230769230769232
1 0.6862980769230769 0.4543269230769231 0.04807692307692308 0.019230769230769232
1 0.6850961538461539 0.4699519230769231 0.04807692307692308 0.019230769230769232
1 0.6850961538461539 0.484375 0.04807692307692308 0.016826923076923076
1 0.8305288461538461 0.4411057692307692 0.04567307692307692 0.016826923076923076
1 0.8317307692307693 0.4567307692307692 0.04567307692307692 0.019230769230769232
1 0.8293269230769231 0.4735576923076923 0.04567307692307692 0.016826923076923076
1 0.8305288461538461 0.4891826923076923 0.04567307692307692 0.019230769230769232
1 0.8786057692307693 0.4411057692307692 0.05048076923076923 0.01201923076923077
1 0.8786057692307693 0.4567307692307692 0.04807692307692308 0.019230769230769232
1 0.8774038461538461 0.4723557692307692 0.05048076923076923 0.01201923076923077
1 0.8774038461538461 0.48677884615384615 0.05048076923076923 0.016826923076923076
1 0.9266826923076923 0.4543269230769231 0.04807692307692308 0.016826923076923076
1 0.9254807692307693 0.4699519230769231 0.04807692307692308 0.021634615384615384
1 0.9254807692307693 0.48677884615384615 0.05048076923076923 0.016826923076923076
1 0.9254807692307693 0.5012019230769231 0.04807692307692308 0.01201923076923077