1 0.09495192307692307 0.5588942307692307 0.021634615384615384 0.019230769230769232
1 0.0985576923076923 0.5709134615384616 0.021634615384615384 0.019230769230769232
1 0.11298076923076923 0.5564903846153846 0.02403846153846154 0.019230769230769232
1 0.11538461538461539 0.5673076923076923 0.02403846153846154 0.019230769230769232
1 0.14302884615384615 0.5456730769230769 0.04567307692307692 0.028846153846153848
1 0.1466346153846154 0.5612980769230769 0.04326923076923077 0.028846153846153848
1 0.18269230769230768 0.5360576923076923 0.04567307692307692 0.02403846153846154
1 0.1875 0.5516826923076923 0.04567307692307692 0.02403846153846154
1 0.18990384615384615 0.5204326923076923 0.026442307692307692 0.016826923076923076
1 0.22235576923076922 0.5096153846153846 0.04807692307692308 0.026442307692307692
1 0.22596153846153846 0.5252403846153846 0.05048076923076923 0.03125
1 0.22956730769230768 0.5408653846153846 0.04807692307692308 0.028846153846153848
1 0.234375 0.4951923076923077 0.05048076923076923 0.026442307692307692
1 0.265625 0.5 0.04567307692307692 0.02403846153846154
1 0.2704326923076923 0.5144230769230769 0.04567307692307692 0.02403846153846154
1 0.27283653846153844 0.53125 0.04807692307692308 0.028846153846153848
1 0.3076923076923077 0.47836538461538464 0.04807692307692308 0.028846153846153848
1 0.31009615384615385 0.49038461538461536 0.05048076923076923 0.026442307692307692
1 0.3137019230769231 0.5060096153846154 0.05048076923076923 0.03125
1 0.3161057692307692 0.5216346153846154 0.04567307692307692 0.02403846153846154
1 0.35336538461538464 0.4675480769230769 0.04807692307692308 0.028846153846153848
1 0.3557692307692308 0.4807692307692308 0.04567307692307692 0.028846153846153848
1 0.35697115384615385 0.4963942307692308 0.04567307692307692 0.02403846153846154
1 0.3605769230769231 0.5108173076923077 0.04567307692307692 0.02403846153846154
1 0.3942307692307692 0.45552884615384615 0.04567307692307692 0.02403846153846154
1 0.39663461538461536 0.47115384615384615 0.04567307692307692 0.02403846153846154
1 0.40024038461538464 0.484375 0.04807692307692308 0.028846153846153848
1 0.40384615384615385 0.5012019230769231 0.04807692307692308 0.028846153846153848
1 0.4387019230769231 0.44471153846153844 0.04807692307692308 0.028846153846153848
1 0.4411057692307692 0.46033653846153844 0.04807692307692308 0.028846153846153848
1 0.44591346153846156 0.47596153846153844 0.04567307692307692 0.028846153846153848
1 0.4483173076923077 0.49038461538461536 0.04807692307692308 0.028846153846153848
1 0.48197115384615385 0.4338942307692308 0.04807692307692308 0.028846153846153848
1 0.4855769230769231 0.4483173076923077 0.04807692307692308 0.028846153846153848
1 0.49038461538461536 0.4651442307692308 0.04807692307692308 0.028846153846153848
1 0.49278846153846156 0.48197115384615385 0.05048076923076923 0.026442307692307692
1 0.5348557692307693 0.421875 0.05048076923076923 0.028846153846153848
1 0.5324519230769231 0.43990384615384615 0.04807692307692308 0.026442307692307692
1 0.5372596153846154 0.4567307692307692 0.04807692307692308 0.028846153846153848
1 0.5384615384615384 0.47115384615384615 0.05048076923076923 0.03125
1 0.5757211538461539 0.4338942307692308 0.04567307692307692 0.02403846153846154
1 0.5805288461538461 0.4483173076923077 0.04567307692307692 0.02403846153846154
1 0.5841346153846154 0.46274038461538464 0.04567307692307692 0.028846153846153848
1 0.5841346153846154 0.41466346153846156 0.04567307692307692 0.02403846153846154
1 0.6225961538461539 0.4074519230769231 0.040865384615384616 0.019230769230769232
1 0.6237980769230769 0.4206730769230769 0.04807692307692308 0.026442307692307692
1 0.6262019230769231 0.4362980769230769 0.04807692307692308 0.028846153846153848
1 0.6286057692307693 0.45072115384615385 0.04807692307692308 0.028846153846153848
1 0.6646634615384616 0.39302884615384615 0.05048076923076923 0.028846153846153848
1 0.6694711538461539 0.4098557692307692 0.05048076923076923 0.028846153846153848
1 0.6730769230769231 0.4254807692307692 0.05048076923076923 0.028846153846153848
1 0.6754807692307693 0.43990384615384615 0.05048076923076923 0.026442307692307692
1 0.8064903846153846 0.3629807692307692 0.04807692307692308 0.026442307692307692
1 0.8112980769230769 0.37740384615384615 0.04807692307692308 0.028846153846153848
1 0.8137019230769231 0.3942307692307692 0.04807692307692308 0.026442307692307692
1 0.8185096153846154 0.40865384615384615 0.04807692307692308 0.028846153846153848
1 0.8533653846153846 0.35216346153846156 0.052884615384615384 0.02403846153846154
1 0.8569711538461539 0.36658653846153844 0.05048076923076923 0.028846153846153848
1 0.8605769230769231 0.38221153846153844 0.052884615384615384 0.02403846153846154
1 0.8629807692307693 0.39663461538461536 0.052884615384615384 0.026442307692307692
1 0.9026442307692307 0.35216346153846156 0.05048076923076923 0.026442307692307692
1 0.90625 0.36778846153846156 0.052884615384615384 0.03125
1 0.9098557692307693 0.38461538461538464 0.052884615384615384 0.026442307692307692
1 0.9134615384615384 0.39783653846153844 0.05048076923076923 0.021634615384615384