1 0.09134615384615384 0.5024038461538461 0.019230769230769232 0.016826923076923076
1 0.09254807692307693 0.5144230769230769 0.019230769230769232 0.016826923076923076
1 0.109375 0.5012019230769231 0.02403846153846154 0.016826923076923076
1 0.11057692307692307 0.5132211538461539 0.02403846153846154 0.016826923076923076
1 0.140625 0.4951923076923077 0.04326923076923077 0.021634615384615384
1 0.14182692307692307 0.5120192307692307 0.040865384615384616 0.021634615384615384
1 0.18028846153846154 0.49158653846153844 0.04567307692307692 0.019230769230769232
1 0.18389423076923078 0.5072115384615384 0.04567307692307692 0.019230769230769232
1 0.18990384615384615 0.47716346153846156 0.02403846153846154 0.014423076923076924
1 0.22355769230769232 0.47115384615384615 0.04567307692307692 0.019230769230769232
1 0.2247596153846154 0.48677884615384615 0.04807692307692308 0.026442307692307692
1 0.22596153846153846 0.5036057692307693 0.04567307692307692 0.02403846153846154
1 0.23798076923076922 0.4579326923076923 0.04807692307692308 0.019230769230769232
1 0.26802884615384615 0.4675480769230769 0.04567307692307692 0.019230769230769232
1 0.2704326923076923 0.4831730769230769 0.04326923076923077 0.019230769230769232
1 0.2704326923076923 0.5 0.04567307692307692 0.02403846153846154
1 0.3125 0.45072115384615385 0.04567307692307692 0.02403846153846154
1 0.3137019230769231 0.4639423076923077 0.04807692307692308 0.019230769230769232
1 0.31490384615384615 0.4795673076923077 0.04807692307692308 0.026442307692307692
1 0.31490384615384615 0.4951923076923077 0.04326923076923077 0.019230769230769232
1 0.359375 0.44711538461538464 0.04567307692307692 0.02403846153846154
1 0.3605769230769231 0.46033653846153844 0.04326923076923077 0.021634615384615384
1 0.359375 0.47596153846153844 0.04326923076923077 0.019230769230769232
1 0.3605769230769231 0.49158653846153844 0.04567307692307692 0.019230769230769232
1 0.4014423076923077 0.4411057692307692 0.04567307692307692 0.019230769230769232
1 0.4026442307692308 0.4567307692307692 0.04567307692307692 0.019230769230769232
1 0.40384615384615385 0.47115384615384615 0.04567307692307692 0.02403846153846154
1 0.4050480769230769 0.4879807692307692 0.04567307692307692 0.02403846153846154
1 0.44711538461538464 0.4375 0.04567307692307692 0.02403846153846154
1 0.44711538461538464 0.453125 0.04807692307692308 0.02403846153846154
1 0.45072115384615385 0.46875 0.04326923076923077 0.021634615384615384
1 0.45072115384615385 0.484375 0.04567307692307692 0.02403846153846154
1 0.49158653846153844 0.43149038461538464 0.04567307692307692 0.02403846153846154
1 0.49278846153846156 0.44591346153846156 0.04807692307692308 0.02403846153846154
1 0.4951923076923077 0.4639423076923077 0.04807692307692308 0.02403846153846154
1 0.4963942307692308 0.4807692307692308 0.04807692307692308 0.019230769230769232
1 0.5456730769230769 0.4266826923076923 0.05048076923076923 0.02403846153846154
1 0.5408653846153846 0.44471153846153844 0.04567307692307692 0.019230769230769232
1 0.5420673076923077 0.46274038461538464 0.04807692307692308 0.02403846153846154
1 0.5420673076923077 0.47716346153846156 0.04807692307692308 0.026442307692307692
1 0.5841346153846154 0.44591346153846156 0.04567307692307692 0.019230769230769232
1 0.5865384615384616 0.46033653846153844 0.04567307692307692 0.019230769230769232
1 0.5877403846153846 0.47596153846153844 0.04326923076923077 0.021634615384615384
1 0.5949519230769231 0.42788461538461536 0.04567307692307692 0.019230769230769232
1 0.6346153846153846 0.4254807692307692 0.038461538461538464 0.014423076923076924
1 0.6334134615384616 0.4387019230769231 0.04567307692307692 0.019230769230769232
1 0.6334134615384616 0.4543269230769231 0.04807692307692308 0.02403846153846154
1 0.6346153846153846 0.46875 0.04567307692307692 0.02403846153846154
1 0.6790865384615384 0.4170673076923077 0.05048076923076923 0.02403846153846154
1 0.6802884615384616 0.43509615384615385 0.05048076923076923 0.02403846153846154
1 0.6814903846153846 0.45072115384615385 0.05048076923076923 0.02403846153846154
1 0.6826923076923077 0.4651442307692308 0.04807692307692308 0.019230769230769232
1 0.8221153846153846 0.40625 0.04567307692307692 0.019230769230769232
1 0.8245192307692307 0.421875 0.04807692307692308 0.02403846153846154
1 0.8257211538461539 0.4387019230769231 0.04567307692307692 0.019230769230769232
1 0.828125 0.4543269230769231 0.04807692307692308 0.02403846153846154
1 0.8701923076923077 0.4026442307692308 0.05048076923076923 0.016826923076923076
1 0.8713942307692307 0.4182692307692308 0.05048076923076923 0.02403846153846154
1 0.8725961538461539 0.4338942307692308 0.05048076923076923 0.016826923076923076
1 0.8737980769230769 0.4483173076923077 0.05048076923076923 0.019230769230769232
1 0.9194711538461539 0.4098557692307692 0.04807692307692308 0.019230769230769232
1 0.9206730769230769 0.4254807692307692 0.05048076923076923 0.026442307692307692
1 0.921875 0.4423076923076923 0.05048076923076923 0.019230769230769232
1 0.9230769230769231 0.4567307692307692 0.04807692307692308 0.016826923076923076