1 0.026442307692307692 0.8954326923076923 0.052884615384615384 0.08413461538461539
1 0.15745192307692307 0.9110576923076923 0.17548076923076922 0.11298076923076923
1 0.0673076923076923 0.84375 0.1346153846153846 0.12980769230769232
1 0.05048076923076923 0.8882211538461539 0.10096153846153846 0.10336538461538461
1 0.007211538461538462 0.8112980769230769 0.014423076923076924 0.10336538461538461
1 0.04326923076923077 0.7752403846153846 0.08653846153846154 0.09375
1 0.0673076923076923 0.7475961538461539 0.1346153846153846 0.13942307692307693
1 0.15625 0.8269230769230769 0.16826923076923078 0.14903846153846154
1 0.25721153846153844 0.8990384615384616 0.1658653846153846 0.1346153846153846
1 0.3581730769230769 0.953125 0.17307692307692307 0.08413461538461539
1 0.07091346153846154 0.6442307692307693 0.14182692307692307 0.1346153846153846
1 0.15264423076923078 0.7175480769230769 0.17067307692307693 0.12980769230769232
1 0.24759615384615385 0.7956730769230769 0.18509615384615385 0.13221153846153846
1 0.4495192307692308 0.9350961538461539 0.16826923076923078 0.12980769230769232
1 0.6502403846153846 0.9591346153846154 0.17548076923076922 0.08173076923076923
1 0.5432692307692307 0.9134615384615384 0.17067307692307693 0.13701923076923078
1 0.4326923076923077 0.8629807692307693 0.13701923076923078 0.09615384615384616
1 0.34134615384615385 0.765625 0.17548076923076922 0.125
1 0.23918269230769232 0.6911057692307693 0.1658653846153846 0.12740384615384615
1 0.14423076923076922 0.6177884615384616 0.16346153846153846 0.12259615384615384
1 0.06971153846153846 0.5540865384615384 0.13942307692307693 0.11298076923076923
1 0.8425480769230769 0.9927884615384616 0.14182692307692307 0.014423076923076924
1 0.7451923076923077 0.9507211538461539 0.19230769230769232 0.0985576923076923
1 0.6370192307692307 0.8930288461538461 0.18509615384615385 0.14182692307692307
1 0.5360576923076923 0.8149038461538461 0.16346153846153846 0.12259615384615384
1 0.43509615384615385 0.7391826923076923 0.17548076923076922 0.12740384615384615
1 0.33774038461538464 0.6646634615384616 0.17067307692307693 0.11778846153846154
1 0.24639423076923078 0.5973557692307693 0.17307692307692307 0.125
1 0.9050480769230769 0.9771634615384616 0.07932692307692307 0.04567307692307692
1 0.9002403846153846 0.9026442307692307 0.11298076923076923 0.125
1 0.7319711538461539 0.8605769230769231 0.18990384615384615 0.13221153846153846
1 0.6274038461538461 0.7920673076923077 0.18269230769230768 0.125
1 0.5240384615384616 0.7127403846153846 0.18509615384615385 0.125
1 0.43028846153846156 0.6442307692307693 0.17548076923076922 0.125
1 0.3293269230769231 0.5721153846153846 0.17307692307692307 0.13221153846153846
1 0.13942307692307693 0.5204326923076923 0.17548076923076922 0.1201923076923077
1 0.06370192307692307 0.4483173076923077 0.12740384615384615 0.11298076923076923
1 0.24158653846153846 0.4963942307692308 0.16826923076923078 0.12740384615384615
1 0.1346153846153846 0.42908653846153844 0.16826923076923078 0.12740384615384615
1 0.07091346153846154 0.3605769230769231 0.12259615384615384 0.11057692307692307
1 0.5685096153846154 0.6454326923076923 0.29086538461538464 0.1971153846153846
1 0.3701923076923077 0.5072115384615384 0.28125 0.19951923076923078
1 0.6634615384615384 0.625 0.27403846153846156 0.18990384615384615
1 0.7608173076923077 0.6057692307692307 0.27403846153846156 0.19471153846153846
1 0.8461538461538461 0.6117788461538461 0.27163461538461536 0.19230769230769232
1 0.8485576923076923 0.7920673076923077 0.25240384615384615 0.1778846153846154
1 0.8978365384615384 0.578125 0.20432692307692307 0.18028846153846154
1 0.9435096153846154 0.5276442307692307 0.11298076923076923 0.11778846153846154
1 0.5528846153846154 0.46153846153846156 0.2692307692307692 0.19230769230769232
1 0.6418269230769231 0.4411057692307692 0.27163461538461536 0.19230769230769232
1 0.7295673076923077 0.41586538461538464 0.2692307692307692 0.18028846153846154
1 0.8100961538461539 0.3894230769230769 0.27163461538461536 0.18269230769230768
1 0.8918269230769231 0.4026442307692308 0.21634615384615385 0.18028846153846154
1 0.9302884615384616 0.3629807692307692 0.13942307692307693 0.1201923076923077
1 0.9338942307692307 0.3233173076923077 0.13221153846153846 0.14182692307692307
1 0.1778846153846154 0.35216346153846156 0.2620192307692308 0.18028846153846154
1 0.27524038461538464 0.3425480769230769 0.2644230769230769 0.18028846153846154
1 0.359375 0.31850961538461536 0.25240384615384615 0.18028846153846154
1 0.4483173076923077 0.2956730769230769 0.2692307692307692 0.1875
1 0.5444711538461539 0.27283653846153844 0.25961538461538464 0.17067307692307693
1 0.6286057692307693 0.25 0.2644230769230769 0.17307692307692307
1 0.7139423076923077 0.23317307692307693 0.2692307692307692 0.19471153846153846
1 0.7908653846153846 0.20432692307692307 0.25240384615384615 0.17548076923076922
1 0.11778846153846154 0.21634615384615385 0.18509615384615385 0.15865384615384615
1 0.171875 0.18629807692307693 0.2548076923076923 0.18028846153846154
1 0.265625 0.1658653846153846 0.24519230769230768 0.17067307692307693
1 0.36177884615384615 0.14423076923076922 0.2548076923076923 0.16826923076923078
1 0.4423076923076923 0.125 0.25 0.16826923076923078
1 0.5192307692307693 0.09615384615384616 0.24278846153846154 0.17548076923076922
1 0.6081730769230769 0.08173076923076923 0.24519230769230768 0.16346153846153846
1 0.9170673076923077 0.1875 0.1658653846153846 0.12980769230769232
1 0.9266826923076923 0.15865384615384615 0.1466346153846154 0.16826923076923078
1 0.9675480769230769 0.11298076923076923 0.06490384615384616 0.1201923076923077
1 0.6983173076923077 0.07091346153846154 0.2403846153846154 0.125
1 0.8076923076923077 0.0733173076923077 0.17307692307692307 0.0889423076923077
1 0.3798076923076923 0.03125 0.19230769230769232 0.0625
1 0.25841346153846156 0.039663461538461536 0.23798076923076922 0.07932692307692307
1 0.17668269230769232 0.04927884615384615 0.24759615384615385 0.0985576923076923
1 0.12620192307692307 0.057692307692307696 0.16105769230769232 0.11538461538461539