1 0.9399038461538461 0.42908653846153844 0.11298076923076923 0.06490384615384616
1 0.9435096153846154 0.46634615384615385 0.11298076923076923 0.0673076923076923
1 0.9459134615384616 0.5036057692307693 0.10817307692307693 0.06009615384615385
1 0.9507211538461539 0.5396634615384616 0.0985576923076923 0.06009615384615385
1 0.9555288461538461 0.578125 0.0889423076923077 0.055288461538461536
1 0.9615384615384616 0.6165865384615384 0.07692307692307693 0.055288461538461536
1 0.8449519230769231 0.5228365384615384 0.12740384615384615 0.06490384615384616
1 0.8509615384615384 0.5697115384615384 0.125 0.06490384615384616
1 0.8629807692307693 0.6129807692307693 0.10576923076923077 0.06009615384615385
1 0.8737980769230769 0.4326923076923077 0.02403846153846154 0.038461538461538464
1 0.8786057692307693 0.47115384615384615 0.02403846153846154 0.04807692307692308
1 0.8533653846153846 0.43990384615384615 0.02403846153846154 0.04326923076923077
1 0.8581730769230769 0.47716346153846156 0.02403846153846154 0.04807692307692308
1 0.8401442307692307 0.4795673076923077 0.02403846153846154 0.038461538461538464
1 0.8185096153846154 0.4831730769230769 0.02403846153846154 0.028846153846153848
1 0.7980769230769231 0.4879807692307692 0.021634615384615384 0.026442307692307692
1 0.8329326923076923 0.44471153846153844 0.02403846153846154 0.040865384615384616
1 0.8137019230769231 0.453125 0.02403846153846154 0.040865384615384616
1 0.7932692307692307 0.45913461538461536 0.02403846153846154 0.040865384615384616
1 0.5360576923076923 0.3425480769230769 0.14903846153846154 0.0673076923076923
1 0.5384615384615384 0.39903846153846156 0.14903846153846154 0.08413461538461539
1 0.5444711538461539 0.45072115384615385 0.14903846153846154 0.08653846153846154
1 0.5480769230769231 0.5036057692307693 0.14903846153846154 0.07932692307692307
1 0.5516826923076923 0.5552884615384616 0.15144230769230768 0.07932692307692307
1 0.5637019230769231 0.6045673076923077 0.13701923076923078 0.07211538461538461
1 0.4639423076923077 0.4519230769230769 0.021634615384615384 0.04807692307692308
1 0.4567307692307692 0.4050480769230769 0.02403846153846154 0.057692307692307696
1 0.453125 0.3545673076923077 0.026442307692307692 0.057692307692307696
1 0.4338942307692308 0.36658653846153844 0.028846153846153848 0.06009615384615385
1 0.4375 0.4110576923076923 0.026442307692307692 0.06490384615384616
1 0.4411057692307692 0.4567307692307692 0.026442307692307692 0.040865384615384616
1 0.4230769230769231 0.45913461538461536 0.02403846153846154 0.038461538461538464
1 0.4182692307692308 0.421875 0.02403846153846154 0.0625
1 0.41466346153846156 0.3701923076923077 0.021634615384615384 0.057692307692307696
1 0.4050480769230769 0.4639423076923077 0.021634615384615384 0.026442307692307692
1 0.4014423076923077 0.42908653846153844 0.02403846153846154 0.055288461538461536
1 0.39783653846153844 0.38221153846153844 0.02403846153846154 0.057692307692307696
1 0.37740384615384615 0.3870192307692308 0.026442307692307692 0.057692307692307696
1 0.38100961538461536 0.42788461538461536 0.02403846153846154 0.04326923076923077
1 0.359375 0.39783653846153844 0.02403846153846154 0.055288461538461536
1 0.34134615384615385 0.40384615384615385 0.021634615384615384 0.05048076923076923
1 0.34375 0.4362980769230769 0.019230769230769232 0.016826923076923076
1 0.3942307692307692 0.5 0.16105769230769232 0.07692307692307693
1 0.39783653846153844 0.5516826923076923 0.16105769230769232 0.07932692307692307
1 0.4050480769230769 0.6033653846153846 0.15144230769230768 0.07451923076923077
1 0.30288461538461536 0.5060096153846154 0.026442307692307692 0.052884615384615384
1 0.28365384615384615 0.5168269230769231 0.026442307692307692 0.057692307692307696
1 0.2692307692307692 0.5120192307692307 0.03365384615384615 0.06009615384615385
1 0.24759615384615385 0.5192307692307693 0.02403846153846154 0.057692307692307696
1 0.23076923076923078 0.5336538461538461 0.02403846153846154 0.057692307692307696
1 0.3112980769230769 0.46634615384615385 0.16826923076923078 0.06490384615384616
1 0.3233173076923077 0.41466346153846156 0.026442307692307692 0.055288461538461536
1 0.30649038461538464 0.4182692307692308 0.021634615384615384 0.04567307692307692
1 0.28725961538461536 0.4206730769230769 0.019230769230769232 0.036057692307692304
1 0.2704326923076923 0.4254807692307692 0.016826923076923076 0.02403846153846154
1 0.25600961538461536 0.42908653846153844 0.016826923076923076 0.02403846153846154
1 0.21754807692307693 0.48197115384615385 0.021634615384615384 0.04807692307692308
1 0.19951923076923078 0.4675480769230769 0.021634615384615384 0.04807692307692308
1 0.20072115384615385 0.4963942307692308 0.016826923076923076 0.019230769230769232
1 0.17067307692307693 0.5264423076923077 0.10336538461538461 0.055288461538461536
1 0.17668269230769232 0.5685096153846154 0.09134615384615384 0.06490384615384616
1 0.11177884615384616 0.5288461538461539 0.016826923076923076 0.04807692307692308
1 0.09615384615384616 0.5348557692307693 0.019230769230769232 0.04807692307692308
1 0.0829326923076923 0.5408653846153846 0.016826923076923076 0.04807692307692308
1 0.06971153846153846 0.5492788461538461 0.016826923076923076 0.038461538461538464