1 0.9375 0.41466346153846156 0.11298076923076923 0.0673076923076923
1 0.9423076923076923 0.45072115384615385 0.11298076923076923 0.06971153846153846
1 0.9447115384615384 0.4891826923076923 0.11057692307692307 0.06490384615384616
1 0.9507211538461539 0.5240384615384616 0.0985576923076923 0.0625
1 0.9567307692307693 0.5625 0.08653846153846154 0.057692307692307696
1 0.9627403846153846 0.5997596153846154 0.07451923076923077 0.06009615384615385
1 0.8461538461538461 0.5108173076923077 0.12740384615384615 0.06971153846153846
1 0.8533653846153846 0.5576923076923077 0.125 0.06971153846153846
1 0.8665865384615384 0.6009615384615384 0.10817307692307693 0.0625
1 0.8713942307692307 0.41947115384615385 0.02403846153846154 0.038461538461538464
1 0.8774038461538461 0.4579326923076923 0.026442307692307692 0.04807692307692308
1 0.8509615384615384 0.42788461538461536 0.02403846153846154 0.04326923076923077
1 0.8581730769230769 0.4651442307692308 0.02403846153846154 0.04807692307692308
1 0.8389423076923077 0.4675480769230769 0.02403846153846154 0.038461538461538464
1 0.8173076923076923 0.47115384615384615 0.02403846153846154 0.028846153846153848
1 0.796875 0.47716346153846156 0.021634615384615384 0.026442307692307692
1 0.8317307692307693 0.4326923076923077 0.026442307692307692 0.040865384615384616
1 0.8112980769230769 0.4423076923076923 0.02403846153846154 0.040865384615384616
1 0.7920673076923077 0.4483173076923077 0.02403846153846154 0.040865384615384616
1 0.5300480769230769 0.34134615384615385 0.15144230769230768 0.07211538461538461
1 0.5348557692307693 0.39663461538461536 0.15144230769230768 0.0889423076923077
1 0.5432692307692307 0.4495192307692308 0.15144230769230768 0.09134615384615384
1 0.5480769230769231 0.5024038461538461 0.15144230769230768 0.08413461538461539
1 0.5540865384615384 0.5540865384615384 0.15384615384615385 0.08413461538461539
1 0.5673076923076923 0.6021634615384616 0.13701923076923078 0.07692307692307693
1 0.46274038461538464 0.453125 0.02403846153846154 0.05048076923076923
1 0.4543269230769231 0.4074519230769231 0.026442307692307692 0.057692307692307696
1 0.4483173076923077 0.35697115384615385 0.026442307692307692 0.057692307692307696
1 0.42908653846153844 0.36899038461538464 0.03125 0.06009615384615385
1 0.4338942307692308 0.41346153846153844 0.028846153846153848 0.06490384615384616
1 0.43990384615384615 0.45913461538461536 0.028846153846153848 0.040865384615384616
1 0.4206730769230769 0.46274038461538464 0.02403846153846154 0.038461538461538464
1 0.41586538461538464 0.42427884615384615 0.026442307692307692 0.0625
1 0.4110576923076923 0.37259615384615385 0.02403846153846154 0.057692307692307696
1 0.40384615384615385 0.4675480769230769 0.021634615384615384 0.026442307692307692
1 0.39903846153846156 0.4326923076923077 0.026442307692307692 0.055288461538461536
1 0.3942307692307692 0.3858173076923077 0.026442307692307692 0.057692307692307696
1 0.3737980769230769 0.390625 0.026442307692307692 0.057692307692307696
1 0.3786057692307692 0.43149038461538464 0.026442307692307692 0.04326923076923077
1 0.3557692307692308 0.4026442307692308 0.026442307692307692 0.055288461538461536
1 0.33774038461538464 0.4098557692307692 0.02403846153846154 0.052884615384615384
1 0.34134615384615385 0.4423076923076923 0.019230769230769232 0.016826923076923076
1 0.3942307692307692 0.5036057692307693 0.16346153846153846 0.08173076923076923
1 0.39903846153846156 0.5552884615384616 0.16346153846153846 0.08653846153846154
1 0.40865384615384615 0.6057692307692307 0.15384615384615385 0.07932692307692307
1 0.30288461538461536 0.5132211538461539 0.028846153846153848 0.052884615384615384
1 0.28365384615384615 0.5240384615384616 0.026442307692307692 0.057692307692307696
1 0.2704326923076923 0.5204326923076923 0.036057692307692304 0.0625
1 0.24759615384615385 0.5276442307692307 0.026442307692307692 0.057692307692307696
1 0.23197115384615385 0.5420673076923077 0.026442307692307692 0.057692307692307696
1 0.31009615384615385 0.4723557692307692 0.17067307692307693 0.06971153846153846
1 0.31971153846153844 0.4206730769230769 0.026442307692307692 0.055288461538461536
1 0.30408653846153844 0.4254807692307692 0.021634615384615384 0.04807692307692308
1 0.2848557692307692 0.42788461538461536 0.021634615384615384 0.036057692307692304
1 0.26802884615384615 0.4338942307692308 0.016826923076923076 0.026442307692307692
1 0.2536057692307692 0.4375 0.019230769230769232 0.026442307692307692
1 0.21754807692307693 0.49278846153846156 0.02403846153846154 0.05048076923076923
1 0.19831730769230768 0.47836538461538464 0.02403846153846154 0.05048076923076923
1 0.20072115384615385 0.5072115384615384 0.016826923076923076 0.021634615384615384
1 0.171875 0.5384615384615384 0.10336538461538461 0.057692307692307696
1 0.17908653846153846 0.5793269230769231 0.09375 0.0673076923076923
1 0.11298076923076923 0.5420673076923077 0.019230769230769232 0.05048076923076923
1 0.09735576923076923 0.5492788461538461 0.021634615384615384 0.05048076923076923
1 0.08413461538461539 0.5552884615384616 0.019230769230769232 0.05048076923076923
1 0.07211538461538461 0.5649038461538461 0.019230769230769232 0.038461538461538464