1 0.9350961538461539 0.40625 0.11538461538461539 0.06971153846153846
1 0.9411057692307693 0.44350961538461536 0.11538461538461539 0.07211538461538461
1 0.9447115384615384 0.48197115384615385 0.11057692307692307 0.06490384615384616
1 0.9507211538461539 0.515625 0.0985576923076923 0.06490384615384616
1 0.9567307692307693 0.5540865384615384 0.08653846153846154 0.06009615384615385
1 0.9627403846153846 0.5925480769230769 0.07451923076923077 0.06009615384615385
1 0.8461538461538461 0.5048076923076923 0.12740384615384615 0.07211538461538461
1 0.8533653846153846 0.5504807692307693 0.125 0.06971153846153846
1 0.8689903846153846 0.59375 0.10817307692307693 0.06490384615384616
1 0.8701923076923077 0.41346153846153844 0.02403846153846154 0.038461538461538464
1 0.8762019230769231 0.4519230769230769 0.026442307692307692 0.04807692307692308
1 0.8497596153846154 0.421875 0.026442307692307692 0.04326923076923077
1 0.8569711538461539 0.45913461538461536 0.026442307692307692 0.04807692307692308
1 0.8377403846153846 0.46153846153846156 0.02403846153846154 0.038461538461538464
1 0.8173076923076923 0.46634615384615385 0.02403846153846154 0.028846153846153848
1 0.796875 0.4723557692307692 0.02403846153846154 0.026442307692307692
1 0.8305288461538461 0.4266826923076923 0.026442307692307692 0.040865384615384616
1 0.8100961538461539 0.4362980769230769 0.02403846153846154 0.040865384615384616
1 0.7908653846153846 0.44350961538461536 0.02403846153846154 0.040865384615384616
1 0.5276442307692307 0.3401442307692308 0.15144230769230768 0.07451923076923077
1 0.5336538461538461 0.39663461538461536 0.15144230769230768 0.09134615384615384
1 0.5420673076923077 0.4483173076923077 0.15144230769230768 0.09375
1 0.5480769230769231 0.5012019230769231 0.15144230769230768 0.08653846153846154
1 0.5552884615384616 0.5528846153846154 0.15625 0.08653846153846154
1 0.5697115384615384 0.6009615384615384 0.13942307692307693 0.07932692307692307
1 0.46153846153846156 0.4543269230769231 0.02403846153846154 0.05048076923076923
1 0.4519230769230769 0.4074519230769231 0.026442307692307692 0.057692307692307696
1 0.44591346153846156 0.3581730769230769 0.028846153846153848 0.057692307692307696
1 0.4266826923076923 0.3701923076923077 0.03125 0.0625
1 0.4326923076923077 0.41466346153846156 0.028846153846153848 0.06490384615384616
1 0.43990384615384615 0.46033653846153844 0.028846153846153848 0.04326923076923077
1 0.4206730769230769 0.4639423076923077 0.02403846153846154 0.038461538461538464
1 0.41466346153846156 0.4254807692307692 0.028846153846153848 0.0625
1 0.40865384615384615 0.375 0.02403846153846154 0.057692307692307696
1 0.4026442307692308 0.4699519230769231 0.02403846153846154 0.026442307692307692
1 0.39783653846153844 0.4338942307692308 0.026442307692307692 0.055288461538461536
1 0.3918269230769231 0.3870192307692308 0.026442307692307692 0.057692307692307696
1 0.3713942307692308 0.39302884615384615 0.028846153846153848 0.057692307692307696
1 0.37740384615384615 0.4338942307692308 0.026442307692307692 0.04326923076923077
1 0.35336538461538464 0.4050480769230769 0.026442307692307692 0.055288461538461536
1 0.33653846153846156 0.41225961538461536 0.02403846153846154 0.052884615384615384
1 0.3401442307692308 0.44471153846153844 0.019230769230769232 0.016826923076923076
1 0.3942307692307692 0.5060096153846154 0.16346153846153846 0.08413461538461539
1 0.40024038461538464 0.5564903846153846 0.16346153846153846 0.0889423076923077
1 0.4098557692307692 0.6081730769230769 0.15384615384615385 0.08173076923076923
1 0.30288461538461536 0.5168269230769231 0.028846153846153848 0.052884615384615384
1 0.28365384615384615 0.5276442307692307 0.028846153846153848 0.057692307692307696
1 0.2704326923076923 0.5240384615384616 0.036057692307692304 0.0625
1 0.24879807692307693 0.5324519230769231 0.026442307692307692 0.057692307692307696
1 0.23317307692307693 0.546875 0.026442307692307692 0.057692307692307696
1 0.3088942307692308 0.47596153846153844 0.17067307692307693 0.07211538461538461
1 0.31850961538461536 0.42427884615384615 0.028846153846153848 0.055288461538461536
1 0.30288461538461536 0.42908653846153844 0.02403846153846154 0.04807692307692308
1 0.28365384615384615 0.4326923076923077 0.021634615384615384 0.036057692307692304
1 0.2668269230769231 0.4375 0.016826923076923076 0.026442307692307692
1 0.2536057692307692 0.4423076923076923 0.019230769230769232 0.026442307692307692
1 0.21754807692307693 0.49759615384615385 0.02403846153846154 0.05048076923076923
1 0.1971153846153846 0.484375 0.02403846153846154 0.05048076923076923
1 0.20072115384615385 0.5120192307692307 0.016826923076923076 0.021634615384615384
1 0.171875 0.5432692307692307 0.10576923076923077 0.06009615384615385
1 0.1814903846153846 0.5853365384615384 0.09375 0.06971153846153846
1 0.1141826923076923 0.5480769230769231 0.019230769230769232 0.05048076923076923
1 0.0985576923076923 0.5564903846153846 0.021634615384615384 0.05048076923076923
1 0.08533653846153846 0.5625 0.019230769230769232 0.05048076923076923
1 0.0733173076923077 0.5721153846153846 0.019230769230769232 0.038461538461538464