1 0.6298076923076923 0.4807692307692308 0.06009615384615385 0.040865384615384616
1 0.39663461538461536 0.47596153846153844 0.04807692307692308 0.03365384615384615
1 0.29927884615384615 0.49399038461538464 0.05048076923076923 0.036057692307692304
1 0.21634615384615385 0.4206730769230769 0.02403846153846154 0.026442307692307692
1 0.3485576923076923 0.4411057692307692 0.038461538461538464 0.03125
1 0.7439903846153846 0.4651442307692308 0.036057692307692304 0.03125
1 0.19471153846153846 0.44711538461538464 0.021634615384615384 0.028846153846153848
1 0.2127403846153846 0.4519230769230769 0.026442307692307692 0.036057692307692304
1 0.20552884615384615 0.41346153846153844 0.038461538461538464 0.03365384615384615
1 0.2403846153846154 0.4230769230769231 0.03125 0.03365384615384615
1 0.23677884615384615 0.4543269230769231 0.03125 0.03365384615384615
1 0.27163461538461536 0.4206730769230769 0.036057692307692304 0.03365384615384615
1 0.2668269230769231 0.45913461538461536 0.03125 0.03125
1 0.2620192307692308 0.4879807692307692 0.03125 0.03365384615384615
1 0.3076923076923077 0.43149038461538464 0.05048076923076923 0.038461538461538464
1 0.30408653846153844 0.46274038461538464 0.04807692307692308 0.036057692307692304
1 0.33052884615384615 0.4026442307692308 0.057692307692307696 0.036057692307692304
1 0.33774038461538464 0.4699519230769231 0.02403846153846154 0.03365384615384615
1 0.3329326923076923 0.4987980769230769 0.02403846153846154 0.03365384615384615
1 0.3581730769230769 0.5024038461538461 0.03125 0.03365384615384615
1 0.36177884615384615 0.4723557692307692 0.028846153846153848 0.03125
1 0.3737980769230769 0.44471153846153844 0.014423076923076924 0.028846153846153848
1 0.38221153846153844 0.41586538461538464 0.036057692307692304 0.03125
1 0.4014423076923077 0.44711538461538464 0.04807692307692308 0.036057692307692304
1 0.4483173076923077 0.45552884615384615 0.057692307692307696 0.040865384615384616
1 0.44591346153846156 0.4855769230769231 0.06009615384615385 0.036057692307692304
1 0.39302884615384615 0.5084134615384616 0.04807692307692308 0.036057692307692304
1 0.4411057692307692 0.5168269230769231 0.06009615384615385 0.03365384615384615
1 0.421875 0.4206730769230769 0.04567307692307692 0.03365384615384615
1 0.4675480769230769 0.41947115384615385 0.04807692307692308 0.028846153846153848
1 0.5829326923076923 0.4423076923076923 0.052884615384615384 0.038461538461538464
1 0.578125 0.47475961538461536 0.052884615384615384 0.040865384615384616
1 0.5757211538461539 0.5060096153846154 0.05048076923076923 0.038461538461538464
1 0.5721153846153846 0.5348557692307693 0.05048076923076923 0.038461538461538464
1 0.6213942307692307 0.5432692307692307 0.06009615384615385 0.040865384615384616
1 0.6262019230769231 0.5096153846153846 0.057692307692307696 0.036057692307692304
1 0.6322115384615384 0.44711538461538464 0.055288461538461536 0.03125
1 0.6706730769230769 0.4495192307692308 0.02403846153846154 0.036057692307692304
1 0.6658653846153846 0.4795673076923077 0.02403846153846154 0.036057692307692304
1 0.6622596153846154 0.5120192307692307 0.021634615384615384 0.036057692307692304
1 0.6586538461538461 0.546875 0.021634615384615384 0.038461538461538464
1 0.6875 0.4519230769230769 0.019230769230769232 0.036057692307692304
1 0.6838942307692307 0.48197115384615385 0.019230769230769232 0.036057692307692304
1 0.6802884615384616 0.5144230769230769 0.019230769230769232 0.036057692307692304
1 0.6742788461538461 0.5492788461538461 0.021634615384615384 0.038461538461538464
1 0.7043269230769231 0.453125 0.019230769230769232 0.036057692307692304
1 0.6995192307692307 0.4855769230769231 0.021634615384615384 0.038461538461538464
1 0.6971153846153846 0.5144230769230769 0.021634615384615384 0.028846153846153848
1 0.7151442307692307 0.5444711538461539 0.06009615384615385 0.036057692307692304
1 0.7115384615384616 0.5721153846153846 0.06009615384615385 0.03365384615384615
1 0.7211538461538461 0.4579326923076923 0.019230769230769232 0.036057692307692304
1 0.7163461538461539 0.49158653846153844 0.021634615384615384 0.036057692307692304
1 0.7139423076923077 0.515625 0.019230769230769232 0.026442307692307692
1 0.7307692307692307 0.515625 0.019230769230769232 0.028846153846153848
1 0.7319711538461539 0.49038461538461536 0.021634615384615384 0.03125
1 0.7524038461538461 0.49759615384615385 0.021634615384615384 0.03125
1 0.7475961538461539 0.5228365384615384 0.02403846153846154 0.026442307692307692
1 0.75 0.5504807692307693 0.019230769230769232 0.038461538461538464
1 0.7463942307692307 0.5769230769230769 0.019230769230769232 0.026442307692307692
1 0.7644230769230769 0.578125 0.021634615384615384 0.02403846153846154
1 0.8389423076923077 0.5288461538461539 0.06009615384615385 0.040865384615384616
1 0.7668269230769231 0.5504807692307693 0.021634615384615384 0.03125
1 0.765625 0.5228365384615384 0.016826923076923076 0.026442307692307692
1 0.7692307692307693 0.4963942307692308 0.016826923076923076 0.028846153846153848
1 0.7704326923076923 0.4651442307692308 0.021634615384615384 0.03125
1 0.7884615384615384 0.4675480769230769 0.019230769230769232 0.036057692307692304
1 0.7848557692307693 0.5 0.021634615384615384 0.036057692307692304
1 0.78125 0.5240384615384616 0.019230769230769232 0.026442307692307692
1 0.7848557692307693 0.5564903846153846 0.019230769230769232 0.036057692307692304
1 0.7836538461538461 0.5805288461538461 0.021634615384615384 0.026442307692307692
1 0.8004807692307693 0.5841346153846154 0.021634615384615384 0.02403846153846154
1 0.8028846153846154 0.5552884615384616 0.021634615384615384 0.03125
1 0.7992788461538461 0.5264423076923077 0.02403846153846154 0.028846153846153848
1 0.8028846153846154 0.49759615384615385 0.019230769230769232 0.028846153846153848
1 0.8052884615384616 0.4639423076923077 0.021634615384615384 0.038461538461538464
1 0.8305288461538461 0.4651442307692308 0.036057692307692304 0.038461538461538464
1 0.8269230769230769 0.4951923076923077 0.036057692307692304 0.03125
1 0.8545673076923077 0.46875 0.021634615384615384 0.036057692307692304
1 0.8521634615384616 0.4987980769230769 0.021634615384615384 0.028846153846153848
1 0.8209134615384616 0.5576923076923077 0.019230769230769232 0.03125
1 0.8173076923076923 0.5841346153846154 0.021634615384615384 0.026442307692307692
1 0.8461538461538461 0.5600961538461539 0.036057692307692304 0.040865384615384616
1 0.8425480769230769 0.5877403846153846 0.03365384615384615 0.026442307692307692
1 0.8713942307692307 0.5612980769230769 0.021634615384615384 0.036057692307692304
1 0.8677884615384616 0.5913461538461539 0.021634615384615384 0.028846153846153848
1 0.8882211538461539 0.5661057692307693 0.019230769230769232 0.03125
1 0.8858173076923077 0.5925480769230769 0.021634615384615384 0.02403846153846154