1 0.6153846153846154 0.4375 0.0625 0.04567307692307692
1 0.3942307692307692 0.5132211538461539 0.05048076923076923 0.036057692307692304
1 0.31009615384615385 0.5625 0.052884615384615384 0.040865384615384616
1 0.20673076923076922 0.5216346153846154 0.026442307692307692 0.028846153846153848
1 0.33774038461538464 0.4963942307692308 0.040865384615384616 0.036057692307692304
1 0.7175480769230769 0.38341346153846156 0.038461538461538464 0.03365384615384615
1 0.19591346153846154 0.5540865384615384 0.02403846153846154 0.03125
1 0.21394230769230768 0.5528846153846154 0.028846153846153848 0.038461538461538464
1 0.1935096153846154 0.5192307692307693 0.040865384615384616 0.038461538461538464
1 0.22956730769230768 0.5168269230769231 0.03365384615384615 0.036057692307692304
1 0.23677884615384615 0.546875 0.03365384615384615 0.036057692307692304
1 0.25841346153846156 0.5036057692307693 0.038461538461538464 0.036057692307692304
1 0.2668269230769231 0.5420673076923077 0.03365384615384615 0.03365384615384615
1 0.27163461538461536 0.5697115384615384 0.03365384615384615 0.036057692307692304
1 0.2956730769230769 0.5012019230769231 0.052884615384615384 0.04326923076923077
1 0.30288461538461536 0.5324519230769231 0.05048076923076923 0.038461538461538464
1 0.3076923076923077 0.46634615384615385 0.06009615384615385 0.040865384615384616
1 0.33774038461538464 0.5276442307692307 0.028846153846153848 0.03365384615384615
1 0.3425480769230769 0.5564903846153846 0.028846153846153848 0.03365384615384615
1 0.36778846153846156 0.5504807692307693 0.03365384615384615 0.036057692307692304
1 0.3605769230769231 0.5216346153846154 0.03125 0.03365384615384615
1 0.36177884615384615 0.49158653846153844 0.016826923076923076 0.028846153846153848
1 0.3605769230769231 0.46033653846153844 0.038461538461538464 0.03365384615384615
1 0.3894230769230769 0.4831730769230769 0.05048076923076923 0.038461538461538464
1 0.4362980769230769 0.47475961538461536 0.06009615384615385 0.04567307692307692
1 0.44471153846153844 0.5060096153846154 0.0625 0.040865384615384616
1 0.4026442307692308 0.5444711538461539 0.05048076923076923 0.038461538461538464
1 0.45072115384615385 0.5360576923076923 0.06009615384615385 0.038461538461538464
1 0.39903846153846156 0.4519230769230769 0.04807692307692308 0.036057692307692304
1 0.4423076923076923 0.43509615384615385 0.04807692307692308 0.03365384615384615
1 0.5588942307692307 0.4170673076923077 0.055288461538461536 0.04326923076923077
1 0.5649038461538461 0.4495192307692308 0.055288461538461536 0.04567307692307692
1 0.5733173076923077 0.4795673076923077 0.052884615384615384 0.04326923076923077
1 0.5793269230769231 0.5072115384615384 0.052884615384615384 0.04326923076923077
1 0.6286057692307693 0.4987980769230769 0.0625 0.04567307692307692
1 0.6213942307692307 0.46634615384615385 0.06009615384615385 0.040865384615384616
1 0.6069711538461539 0.4050480769230769 0.055288461538461536 0.036057692307692304
1 0.6430288461538461 0.3942307692307692 0.026442307692307692 0.038461538461538464
1 0.6490384615384616 0.42427884615384615 0.026442307692307692 0.038461538461538464
1 0.65625 0.4567307692307692 0.02403846153846154 0.036057692307692304
1 0.6658653846153846 0.49038461538461536 0.026442307692307692 0.038461538461538464
1 0.6598557692307693 0.390625 0.021634615384615384 0.036057692307692304
1 0.6670673076923077 0.41947115384615385 0.021634615384615384 0.036057692307692304
1 0.6742788461538461 0.4519230769230769 0.021634615384615384 0.036057692307692304
1 0.6802884615384616 0.48677884615384615 0.026442307692307692 0.038461538461538464
1 0.6766826923076923 0.3870192307692308 0.021634615384615384 0.036057692307692304
1 0.6826923076923077 0.4182692307692308 0.026442307692307692 0.038461538461538464
1 0.6899038461538461 0.44591346153846156 0.02403846153846154 0.03125
1 0.7175480769230769 0.46875 0.0625 0.04326923076923077
1 0.7235576923076923 0.4951923076923077 0.06009615384615385 0.038461538461538464
1 0.6935096153846154 0.38461538461538464 0.021634615384615384 0.036057692307692304
1 0.7007211538461539 0.4182692307692308 0.02403846153846154 0.036057692307692304
1 0.7055288461538461 0.4411057692307692 0.021634615384615384 0.026442307692307692
1 0.7223557692307693 0.4362980769230769 0.021634615384615384 0.03125
1 0.7151442307692307 0.4110576923076923 0.02403846153846154 0.03365384615384615
1 0.7355769230769231 0.4110576923076923 0.02403846153846154 0.03365384615384615
1 0.7403846153846154 0.4375 0.026442307692307692 0.028846153846153848
1 0.7524038461538461 0.46153846153846156 0.02403846153846154 0.038461538461538464
1 0.7572115384615384 0.4891826923076923 0.021634615384615384 0.026442307692307692
1 0.7752403846153846 0.4831730769230769 0.021634615384615384 0.02403846153846154
1 0.828125 0.4110576923076923 0.0625 0.04567307692307692
1 0.7692307692307693 0.4567307692307692 0.02403846153846154 0.03365384615384615
1 0.7584134615384616 0.43028846153846156 0.019230769230769232 0.026442307692307692
1 0.7524038461538461 0.4050480769230769 0.019230769230769232 0.03125
1 0.7427884615384616 0.375 0.02403846153846154 0.03365384615384615
1 0.7596153846153846 0.3713942307692308 0.021634615384615384 0.036057692307692304
1 0.7668269230769231 0.4026442307692308 0.02403846153846154 0.036057692307692304
1 0.7728365384615384 0.4254807692307692 0.021634615384615384 0.026442307692307692
1 0.7872596153846154 0.45552884615384615 0.021634615384615384 0.036057692307692304
1 0.7932692307692307 0.4795673076923077 0.02403846153846154 0.026442307692307692
1 0.8112980769230769 0.47596153846153844 0.021634615384615384 0.02403846153846154
1 0.8040865384615384 0.4483173076923077 0.02403846153846154 0.03365384615384615
1 0.7908653846153846 0.421875 0.026442307692307692 0.03125
1 0.7836538461538461 0.3942307692307692 0.021634615384615384 0.03125
1 0.7740384615384616 0.36177884615384615 0.026442307692307692 0.038461538461538464
1 0.7980769230769231 0.3545673076923077 0.038461538461538464 0.040865384615384616
1 0.8064903846153846 0.38341346153846156 0.038461538461538464 0.03365384615384615
1 0.8233173076923077 0.3485576923076923 0.02403846153846154 0.036057692307692304
1 0.8305288461538461 0.37740384615384615 0.02403846153846154 0.03125
1 0.8209134615384616 0.44471153846153844 0.021634615384615384 0.03365384615384615
1 0.8269230769230769 0.4699519230769231 0.02403846153846154 0.026442307692307692
1 0.8461538461538461 0.4387019230769231 0.040865384615384616 0.04326923076923077
1 0.8521634615384616 0.4651442307692308 0.03365384615384615 0.03125
1 0.8701923076923077 0.43028846153846156 0.02403846153846154 0.036057692307692304
1 0.8774038461538461 0.46033653846153844 0.02403846153846154 0.03125
1 0.8870192307692307 0.42908653846153844 0.021634615384615384 0.03365384615384615
1 0.8942307692307693 0.4543269230769231 0.021634615384615384 0.02403846153846154