1 0.6274038461538461 0.4723557692307692 0.057692307692307696 0.036057692307692304
1 0.3954326923076923 0.4831730769230769 0.04567307692307692 0.028846153846153848
1 0.29927884615384615 0.5072115384615384 0.05048076923076923 0.03365384615384615
1 0.21153846153846154 0.43990384615384615 0.021634615384615384 0.02403846153846154
1 0.3449519230769231 0.4519230769230769 0.038461538461538464 0.028846153846153848
1 0.7415865384615384 0.44711538461538464 0.03365384615384615 0.028846153846153848
1 0.19230769230769232 0.46875 0.019230769230769232 0.028846153846153848
1 0.21033653846153846 0.47115384615384615 0.02403846153846154 0.03365384615384615
1 0.20072115384615385 0.4338942307692308 0.038461538461538464 0.03125
1 0.23557692307692307 0.4411057692307692 0.028846153846153848 0.03125
1 0.234375 0.4723557692307692 0.028846153846153848 0.03125
1 0.265625 0.4375 0.03365384615384615 0.03125
1 0.2644230769230769 0.47596153846153844 0.028846153846153848 0.028846153846153848
1 0.2620192307692308 0.5048076923076923 0.028846153846153848 0.03125
1 0.30288461538461536 0.44471153846153844 0.04807692307692308 0.036057692307692304
1 0.3016826923076923 0.47596153846153844 0.04807692307692308 0.03125
1 0.3245192307692308 0.41466346153846156 0.055288461538461536 0.03365384615384615
1 0.33653846153846156 0.48197115384615385 0.02403846153846154 0.03125
1 0.3329326923076923 0.5108173076923077 0.02403846153846154 0.03125
1 0.3581730769230769 0.5120192307692307 0.028846153846153848 0.03125
1 0.3605769230769231 0.48197115384615385 0.028846153846153848 0.028846153846153848
1 0.3701923076923077 0.453125 0.014423076923076924 0.028846153846153848
1 0.3762019230769231 0.42427884615384615 0.03365384615384615 0.028846153846153848
1 0.39783653846153844 0.453125 0.04567307692307692 0.03125
1 0.44591346153846156 0.45913461538461536 0.055288461538461536 0.036057692307692304
1 0.44471153846153844 0.49038461538461536 0.057692307692307696 0.03365384615384615
1 0.3942307692307692 0.515625 0.04567307692307692 0.03125
1 0.4423076923076923 0.5216346153846154 0.057692307692307696 0.03125
1 0.41586538461538464 0.4254807692307692 0.04326923076923077 0.028846153846153848
1 0.46153846153846156 0.421875 0.04567307692307692 0.026442307692307692
1 0.5793269230769231 0.4362980769230769 0.05048076923076923 0.036057692307692304
1 0.5757211538461539 0.46875 0.05048076923076923 0.038461538461538464
1 0.5757211538461539 0.5 0.04807692307692308 0.036057692307692304
1 0.5745192307692307 0.5288461538461539 0.04807692307692308 0.036057692307692304
1 0.625 0.5336538461538461 0.057692307692307696 0.036057692307692304
1 0.6262019230769231 0.5012019230769231 0.055288461538461536 0.03365384615384615
1 0.6286057692307693 0.4387019230769231 0.052884615384615384 0.026442307692307692
1 0.6670673076923077 0.4375 0.021634615384615384 0.03365384615384615
1 0.6646634615384616 0.4675480769230769 0.021634615384615384 0.03365384615384615
1 0.6622596153846154 0.5012019230769231 0.019230769230769232 0.03365384615384615
1 0.6622596153846154 0.5360576923076923 0.019230769230769232 0.036057692307692304
1 0.6838942307692307 0.4387019230769231 0.016826923076923076 0.03365384615384615
1 0.6826923076923077 0.46875 0.016826923076923076 0.03365384615384615
1 0.6802884615384616 0.5024038461538461 0.016826923076923076 0.03365384615384615
1 0.6778846153846154 0.5372596153846154 0.019230769230769232 0.036057692307692304
1 0.7007211538461539 0.43990384615384615 0.016826923076923076 0.03365384615384615
1 0.6971153846153846 0.4723557692307692 0.019230769230769232 0.036057692307692304
1 0.6971153846153846 0.5012019230769231 0.019230769230769232 0.028846153846153848
1 0.7175480769230769 0.5300480769230769 0.06009615384615385 0.03365384615384615
1 0.7163461538461539 0.5564903846153846 0.057692307692307696 0.03125
1 0.7175480769230769 0.4423076923076923 0.016826923076923076 0.03365384615384615
1 0.7151442307692307 0.47596153846153844 0.019230769230769232 0.03365384615384615
1 0.7139423076923077 0.5 0.016826923076923076 0.02403846153846154
1 0.7307692307692307 0.5 0.016826923076923076 0.028846153846153848
1 0.7307692307692307 0.4735576923076923 0.019230769230769232 0.03125
1 0.7512019230769231 0.4795673076923077 0.019230769230769232 0.03125
1 0.7487980769230769 0.5060096153846154 0.021634615384615384 0.02403846153846154
1 0.7536057692307693 0.5324519230769231 0.016826923076923076 0.036057692307692304
1 0.7512019230769231 0.5600961538461539 0.016826923076923076 0.02403846153846154
1 0.7692307692307693 0.5600961538461539 0.019230769230769232 0.021634615384615384
1 0.8401442307692307 0.5048076923076923 0.057692307692307696 0.036057692307692304
1 0.7704326923076923 0.5324519230769231 0.019230769230769232 0.03125
1 0.7668269230769231 0.5048076923076923 0.016826923076923076 0.02403846153846154
1 0.7680288461538461 0.47836538461538464 0.016826923076923076 0.028846153846153848
1 0.7680288461538461 0.44711538461538464 0.019230769230769232 0.03125
1 0.7860576923076923 0.44711538461538464 0.016826923076923076 0.03365384615384615
1 0.7836538461538461 0.4795673076923077 0.019230769230769232 0.03365384615384615
1 0.7824519230769231 0.5036057692307693 0.016826923076923076 0.02403846153846154
1 0.7884615384615384 0.5372596153846154 0.016826923076923076 0.03365384615384615
1 0.7884615384615384 0.5612980769230769 0.019230769230769232 0.02403846153846154
1 0.8064903846153846 0.5625 0.019230769230769232 0.021634615384615384
1 0.8064903846153846 0.5336538461538461 0.019230769230769232 0.03125
1 0.8004807692307693 0.5048076923076923 0.021634615384615384 0.028846153846153848
1 0.8016826923076923 0.47596153846153844 0.016826923076923076 0.028846153846153848
1 0.8016826923076923 0.4423076923076923 0.019230769230769232 0.036057692307692304
1 0.8269230769230769 0.4423076923076923 0.03365384615384615 0.036057692307692304
1 0.8269230769230769 0.4723557692307692 0.036057692307692304 0.028846153846153848
1 0.8521634615384616 0.44350961538461536 0.019230769230769232 0.03365384615384615
1 0.8521634615384616 0.4735576923076923 0.019230769230769232 0.028846153846153848
1 0.8245192307692307 0.5348557692307693 0.016826923076923076 0.03125
1 0.8233173076923077 0.5612980769230769 0.019230769230769232 0.02403846153846154
1 0.8497596153846154 0.5360576923076923 0.03365384615384615 0.038461538461538464
1 0.8485576923076923 0.5637019230769231 0.03125 0.026442307692307692
1 0.875 0.5348557692307693 0.019230769230769232 0.03365384615384615
1 0.8737980769230769 0.5649038461538461 0.019230769230769232 0.028846153846153848
1 0.8918269230769231 0.5384615384615384 0.016826923076923076 0.03125
1 0.8918269230769231 0.5649038461538461 0.019230769230769232 0.021634615384615384