1 0.41346153846153844 0.25961538461538464 0.21875 0.10336538461538461
1 0.3605769230769231 0.3401442307692308 0.10336538461538461 0.07211538461538461
1 0.36778846153846156 0.3954326923076923 0.10336538461538461 0.07451923076923077
1 0.46274038461538464 0.31971153846153844 0.12740384615384615 0.08413461538461539
1 0.47115384615384615 0.38221153846153844 0.11778846153846154 0.0673076923076923
1 0.6201923076923077 0.22235576923076922 0.21394230769230768 0.10096153846153846
1 0.6286057692307693 0.2860576923076923 0.21153846153846154 0.10096153846153846
1 0.5889423076923077 0.36177884615384615 0.10336538461538461 0.07692307692307693
1 0.6838942307692307 0.34615384615384615 0.11298076923076923 0.08173076923076923
1 0.5973557692307693 0.4206730769230769 0.0985576923076923 0.07932692307692307
1 0.6959134615384616 0.41225961538461536 0.11778846153846154 0.08173076923076923
1 0.8413461538461539 0.1935096153846154 0.19951923076923078 0.08653846153846154
1 0.8473557692307693 0.25841346153846156 0.21394230769230768 0.10576923076923077
1 0.8581730769230769 0.3233173076923077 0.21394230769230768 0.0985576923076923
1 0.8665865384615384 0.38341346153846156 0.21394230769230768 0.0985576923076923