1 0.5096153846153846 0.2439903846153846 0.22115384615384615 0.11778846153846154
1 0.43028846153846156 0.29927884615384615 0.10576923076923077 0.07692307692307693
1 0.4170673076923077 0.35336538461538464 0.10817307692307693 0.07932692307692307
1 0.5336538461538461 0.31850961538461536 0.12980769230769232 0.09134615384615384
1 0.5180288461538461 0.38100961538461536 0.1201923076923077 0.07211538461538461
1 0.7151442307692307 0.28725961538461536 0.21634615384615385 0.11298076923076923
1 0.6995192307692307 0.34975961538461536 0.21153846153846154 0.11298076923076923
1 0.6346153846153846 0.4050480769230769 0.10576923076923077 0.08413461538461539
1 0.7283653846153846 0.4254807692307692 0.11778846153846154 0.0889423076923077
1 0.6201923076923077 0.46274038461538464 0.10336538461538461 0.08413461538461539
1 0.7139423076923077 0.49158653846153844 0.1201923076923077 0.0889423076923077
1 0.9146634615384616 0.3425480769230769 0.17067307692307693 0.0985576923076923
1 0.9014423076923077 0.40625 0.1971153846153846 0.1201923076923077
1 0.8954326923076923 0.46875 0.2091346153846154 0.11057692307692307
1 0.8834134615384616 0.5288461538461539 0.21394230769230768 0.11057692307692307