1 0.49158653846153844 0.2439903846153846 0.21875 0.10336538461538461
1 0.4170673076923077 0.30408653846153844 0.10336538461538461 0.07211538461538461
1 0.40625 0.359375 0.10336538461538461 0.07451923076923077
1 0.5204326923076923 0.3173076923076923 0.12740384615384615 0.08413461538461539
1 0.5096153846153846 0.3798076923076923 0.11778846153846154 0.0673076923076923
1 0.7007211538461539 0.27283653846153844 0.21394230769230768 0.10096153846153846
1 0.6887019230769231 0.33653846153846156 0.21153846153846154 0.10096153846153846
1 0.6274038461538461 0.3954326923076923 0.10336538461538461 0.07692307692307693
1 0.7223557692307693 0.4098557692307692 0.11298076923076923 0.08173076923076923
1 0.6165865384615384 0.4543269230769231 0.0985576923076923 0.07932692307692307
1 0.7127403846153846 0.47596153846153844 0.11778846153846154 0.08173076923076923
1 0.9098557692307693 0.3125 0.18028846153846154 0.08653846153846154
1 0.8990384615384616 0.37740384615384615 0.20192307692307693 0.10576923076923077
1 0.8942307692307693 0.4411057692307692 0.21153846153846154 0.0985576923076923
1 0.8846153846153846 0.5024038461538461 0.21394230769230768 0.0985576923076923