1 0.9735576923076923 0.6358173076923077 0.040865384615384616 0.05048076923076923
1 0.9747596153846154 0.5973557692307693 0.040865384615384616 0.04807692307692308
1 0.9735576923076923 0.5528846153846154 0.04807692307692308 0.055288461538461536
1 0.9759615384615384 0.5060096153846154 0.04807692307692308 0.052884615384615384
1 0.9759615384615384 0.46153846153846156 0.04807692307692308 0.057692307692307696
1 0.9891826923076923 0.40625 0.021634615384615384 0.052884615384615384
1 0.9362980769230769 0.42908653846153844 0.07692307692307693 0.04326923076923077
1 0.9146634615384616 0.47596153846153844 0.08173076923076923 0.0673076923076923
1 0.9122596153846154 0.5204326923076923 0.07932692307692307 0.0625
1 0.9110576923076923 0.5637019230769231 0.07451923076923077 0.06009615384615385
1 0.9122596153846154 0.6069711538461539 0.07211538461538461 0.055288461538461536
1 0.9122596153846154 0.6454326923076923 0.06971153846153846 0.04807692307692308
1 0.8605769230769231 0.4387019230769231 0.07451923076923077 0.057692307692307696
1 0.8377403846153846 0.49158653846153844 0.07211538461538461 0.0625
1 0.8353365384615384 0.5336538461538461 0.06971153846153846 0.055288461538461536
1 0.8341346153846154 0.5757211538461539 0.06971153846153846 0.055288461538461536
1 0.8305288461538461 0.6189903846153846 0.06490384615384616 0.04567307692307692
1 0.8305288461538461 0.65625 0.06490384615384616 0.04807692307692308
1 0.7391826923076923 0.47596153846153844 0.028846153846153848 0.03365384615384615
1 0.7403846153846154 0.5132211538461539 0.03125 0.040865384615384616
1 0.7403846153846154 0.5540865384615384 0.028846153846153848 0.036057692307692304
1 0.7403846153846154 0.5889423076923077 0.028846153846153848 0.03365384615384615
1 0.6899038461538461 0.48197115384615385 0.07451923076923077 0.03365384615384615
1 0.6887019230769231 0.5180288461538461 0.07211538461538461 0.05048076923076923
1 0.6911057692307693 0.5576923076923077 0.07211538461538461 0.05048076923076923
1 0.6899038461538461 0.5949519230769231 0.07211538461538461 0.04807692307692308
1 0.6899038461538461 0.6322115384615384 0.0673076923076923 0.04567307692307692
1 0.6838942307692307 0.6706730769230769 0.052884615384615384 0.04567307692307692
1 0.6442307692307693 0.5036057692307693 0.021634615384615384 0.026442307692307692
1 0.6382211538461539 0.5348557692307693 0.038461538461538464 0.03365384615384615
1 0.6382211538461539 0.5709134615384616 0.038461538461538464 0.036057692307692304
1 0.6382211538461539 0.6069711538461539 0.038461538461538464 0.038461538461538464
1 0.6310096153846154 0.6502403846153846 0.052884615384615384 0.028846153846153848
1 0.6286057692307693 0.6802884615384616 0.055288461538461536 0.038461538461538464
1 0.6009615384615384 0.5084134615384616 0.0625 0.038461538461538464
1 0.5805288461538461 0.5504807692307693 0.0625 0.036057692307692304
1 0.5817307692307693 0.5829326923076923 0.06490384615384616 0.040865384615384616
1 0.5793269230769231 0.6213942307692307 0.06009615384615385 0.038461538461538464
1 0.5733173076923077 0.6514423076923077 0.052884615384615384 0.036057692307692304
1 0.5745192307692307 0.6850961538461539 0.052884615384615384 0.038461538461538464
1 0.5432692307692307 0.5288461538461539 0.04567307692307692 0.03125
1 0.5240384615384616 0.5625 0.04567307692307692 0.038461538461538464
1 0.5240384615384616 0.5961538461538461 0.04807692307692308 0.036057692307692304
1 0.5240384615384616 0.6310096153846154 0.05048076923076923 0.038461538461538464
1 0.5240384615384616 0.6634615384615384 0.04807692307692308 0.036057692307692304
1 0.5216346153846154 0.6959134615384616 0.04326923076923077 0.03125
1 0.4387019230769231 0.5745192307692307 0.040865384615384616 0.028846153846153848
1 0.4375 0.6081730769230769 0.040865384615384616 0.036057692307692304
1 0.4362980769230769 0.640625 0.04326923076923077 0.03365384615384615
1 0.4375 0.6694711538461539 0.040865384615384616 0.038461538461538464
1 0.4362980769230769 0.7043269230769231 0.036057692307692304 0.038461538461538464
1 0.4963942307692308 0.5396634615384616 0.04326923076923077 0.028846153846153848
1 0.4807692307692308 0.5733173076923077 0.040865384615384616 0.036057692307692304
1 0.47836538461538464 0.6069711538461539 0.04326923076923077 0.038461538461538464
1 0.4795673076923077 0.6382211538461539 0.040865384615384616 0.038461538461538464
1 0.47836538461538464 0.6694711538461539 0.04326923076923077 0.036057692307692304
1 0.4795673076923077 0.6983173076923077 0.040865384615384616 0.036057692307692304
1 0.421875 0.5661057692307693 0.05048076923076923 0.028846153846153848
1 0.3786057692307692 0.5745192307692307 0.040865384615384616 0.026442307692307692
1 0.3641826923076923 0.6009615384615384 0.040865384615384616 0.03125
1 0.36177884615384615 0.6286057692307693 0.038461538461538464 0.03365384615384615
1 0.36177884615384615 0.6610576923076923 0.038461538461538464 0.03365384615384615
1 0.36177884615384615 0.6862980769230769 0.038461538461538464 0.03125
1 0.3605769230769231 0.7139423076923077 0.036057692307692304 0.03125
1 0.4014423076923077 0.6045673076923077 0.03125 0.02403846153846154
1 0.39663461538461536 0.6274038461538461 0.040865384615384616 0.03365384615384615
1 0.3954326923076923 0.6550480769230769 0.040865384615384616 0.03365384615384615
1 0.3954326923076923 0.6826923076923077 0.040865384615384616 0.03365384615384615
1 0.39663461538461536 0.7115384615384616 0.040865384615384616 0.03365384615384615
1 0.32572115384615385 0.7199519230769231 0.036057692307692304 0.03125
1 0.32572115384615385 0.6959134615384616 0.03365384615384615 0.03125
1 0.32572115384615385 0.6706730769230769 0.036057692307692304 0.028846153846153848
1 0.3269230769230769 0.6394230769230769 0.03365384615384615 0.03365384615384615
1 0.3269230769230769 0.6105769230769231 0.03125 0.03125
1 0.2932692307692308 0.7223557692307693 0.028846153846153848 0.03125
1 0.2932692307692308 0.6959134615384616 0.03365384615384615 0.03125
1 0.2932692307692308 0.6682692307692307 0.03125 0.028846153846153848
1 0.29447115384615385 0.640625 0.03125 0.03125
1 0.29447115384615385 0.6117788461538461 0.03125 0.03125
1 0.26322115384615385 0.7283653846153846 0.028846153846153848 0.03125
1 0.2644230769230769 0.7043269230769231 0.028846153846153848 0.028846153846153848
1 0.26322115384615385 0.6814903846153846 0.028846153846153848 0.028846153846153848
1 0.26322115384615385 0.6550480769230769 0.028846153846153848 0.03125
1 0.26322115384615385 0.6274038461538461 0.028846153846153848 0.03125
1 0.23317307692307693 0.7307692307692307 0.03125 0.03125
1 0.23677884615384615 0.7079326923076923 0.028846153846153848 0.026442307692307692
1 0.23557692307692307 0.6862980769230769 0.028846153846153848 0.026442307692307692
1 0.23557692307692307 0.6646634615384616 0.028846153846153848 0.02403846153846154
1 0.23557692307692307 0.640625 0.028846153846153848 0.026442307692307692
1 0.20793269230769232 0.7139423076923077 0.026442307692307692 0.016826923076923076
1 0.2127403846153846 0.6923076923076923 0.014423076923076924 0.021634615384615384
1 0.21394230769230768 0.6694711538461539 0.01201923076923077 0.021634615384615384
1 0.20072115384615385 0.6923076923076923 0.009615384615384616 0.021634615384615384
1 0.20072115384615385 0.7379807692307693 0.01201923076923077 0.02403846153846154
1 0.2127403846153846 0.734375 0.014423076923076924 0.026442307692307692