1 0.9795673076923077 0.6105769230769231 0.038461538461538464 0.04807692307692308
1 0.9795673076923077 0.5721153846153846 0.038461538461538464 0.04567307692307692
1 0.9759615384615384 0.5276442307692307 0.04326923076923077 0.052884615384615384
1 0.9759615384615384 0.4807692307692308 0.04326923076923077 0.05048076923076923
1 0.9735576923076923 0.4362980769230769 0.04567307692307692 0.057692307692307696
1 0.9855769230769231 0.38221153846153844 0.02403846153846154 0.052884615384615384
1 0.9314903846153846 0.40625 0.07451923076923077 0.038461538461538464
1 0.9122596153846154 0.4543269230769231 0.07692307692307693 0.0625
1 0.9122596153846154 0.4987980769230769 0.07692307692307693 0.057692307692307696
1 0.9134615384615384 0.5420673076923077 0.07211538461538461 0.057692307692307696
1 0.9170673076923077 0.5853365384615384 0.0673076923076923 0.052884615384615384
1 0.9194711538461539 0.6237980769230769 0.0673076923076923 0.04567307692307692
1 0.8569711538461539 0.41947115384615385 0.07211538461538461 0.052884615384615384
1 0.8365384615384616 0.4735576923076923 0.06971153846153846 0.057692307692307696
1 0.8365384615384616 0.515625 0.0673076923076923 0.052884615384615384
1 0.8377403846153846 0.5576923076923077 0.0673076923076923 0.052884615384615384
1 0.8365384615384616 0.6009615384615384 0.0625 0.04326923076923077
1 0.8377403846153846 0.6382211538461539 0.0625 0.04567307692307692
1 0.7379807692307693 0.4639423076923077 0.026442307692307692 0.03365384615384615
1 0.7403846153846154 0.5012019230769231 0.028846153846153848 0.038461538461538464
1 0.7427884615384616 0.5408653846153846 0.028846153846153848 0.03365384615384615
1 0.7451923076923077 0.5757211538461539 0.026442307692307692 0.03365384615384615
1 0.6887019230769231 0.4723557692307692 0.07211538461538461 0.028846153846153848
1 0.6899038461538461 0.5084134615384616 0.0673076923076923 0.04807692307692308
1 0.6935096153846154 0.5480769230769231 0.0673076923076923 0.04807692307692308
1 0.6947115384615384 0.5853365384615384 0.06971153846153846 0.04567307692307692
1 0.6971153846153846 0.6225961538461539 0.0673076923076923 0.04326923076923077
1 0.6923076923076923 0.6610576923076923 0.05048076923076923 0.04326923076923077
1 0.6442307692307693 0.4963942307692308 0.019230769230769232 0.026442307692307692
1 0.6394230769230769 0.5276442307692307 0.036057692307692304 0.03365384615384615
1 0.6418269230769231 0.5637019230769231 0.036057692307692304 0.03365384615384615
1 0.6442307692307693 0.5997596153846154 0.036057692307692304 0.038461538461538464
1 0.6382211538461539 0.6430288461538461 0.05048076923076923 0.026442307692307692
1 0.6382211538461539 0.6730769230769231 0.052884615384615384 0.03365384615384615
1 0.6009615384615384 0.5036057692307693 0.06009615384615385 0.03365384615384615
1 0.5829326923076923 0.5456730769230769 0.06009615384615385 0.03365384615384615
1 0.5853365384615384 0.578125 0.0625 0.038461538461538464
1 0.5853365384615384 0.6165865384615384 0.057692307692307696 0.03365384615384615
1 0.5817307692307693 0.6478365384615384 0.052884615384615384 0.03365384615384615
1 0.5841346153846154 0.6814903846153846 0.05048076923076923 0.03365384615384615
1 0.5444711538461539 0.5264423076923077 0.04326923076923077 0.028846153846153848
1 0.5276442307692307 0.5612980769230769 0.04326923076923077 0.038461538461538464
1 0.5288461538461539 0.5949519230769231 0.04567307692307692 0.03365384615384615
1 0.53125 0.6298076923076923 0.04807692307692308 0.03365384615384615
1 0.5324519230769231 0.6622596153846154 0.04567307692307692 0.03365384615384615
1 0.5324519230769231 0.6947115384615384 0.04326923076923077 0.028846153846153848
1 0.4423076923076923 0.578125 0.038461538461538464 0.026442307692307692
1 0.44350961538461536 0.6117788461538461 0.038461538461538464 0.03365384615384615
1 0.44350961538461536 0.6442307692307693 0.04326923076923077 0.03365384615384615
1 0.44591346153846156 0.6730769230769231 0.038461538461538464 0.038461538461538464
1 0.44711538461538464 0.7079326923076923 0.03365384615384615 0.038461538461538464
1 0.4987980769230769 0.5396634615384616 0.04326923076923077 0.026442307692307692
1 0.484375 0.5745192307692307 0.038461538461538464 0.03365384615384615
1 0.484375 0.6081730769230769 0.04326923076923077 0.038461538461538464
1 0.48677884615384615 0.6394230769230769 0.038461538461538464 0.038461538461538464
1 0.48677884615384615 0.6706730769230769 0.04326923076923077 0.03365384615384615
1 0.49038461538461536 0.6995192307692307 0.038461538461538464 0.03365384615384615
1 0.4254807692307692 0.5697115384615384 0.04807692307692308 0.026442307692307692
1 0.38221153846153844 0.5805288461538461 0.038461538461538464 0.02403846153846154
1 0.3701923076923077 0.6081730769230769 0.038461538461538464 0.028846153846153848
1 0.36899038461538464 0.6358173076923077 0.036057692307692304 0.03365384615384615
1 0.3701923076923077 0.6682692307692307 0.036057692307692304 0.03365384615384615
1 0.3713942307692308 0.6935096153846154 0.036057692307692304 0.028846153846153848
1 0.3713942307692308 0.7211538461538461 0.03365384615384615 0.028846153846153848
1 0.4074519230769231 0.609375 0.028846153846153848 0.021634615384615384
1 0.40384615384615385 0.6322115384615384 0.038461538461538464 0.03365384615384615
1 0.40384615384615385 0.6598557692307693 0.038461538461538464 0.03365384615384615
1 0.4050480769230769 0.6875 0.038461538461538464 0.03365384615384615
1 0.4074519230769231 0.7163461538461539 0.038461538461538464 0.03365384615384615
1 0.33774038461538464 0.7283653846153846 0.03365384615384615 0.028846153846153848
1 0.33653846153846156 0.7043269230769231 0.03365384615384615 0.028846153846153848
1 0.33533653846153844 0.6790865384615384 0.03365384615384615 0.026442307692307692
1 0.33413461538461536 0.6478365384615384 0.03365384615384615 0.03365384615384615
1 0.3329326923076923 0.6189903846153846 0.028846153846153848 0.028846153846153848
1 0.30528846153846156 0.7331730769230769 0.028846153846153848 0.028846153846153848
1 0.30408653846153844 0.7067307692307693 0.03365384615384615 0.028846153846153848
1 0.30288461538461536 0.6790865384615384 0.028846153846153848 0.026442307692307692
1 0.3016826923076923 0.6514423076923077 0.028846153846153848 0.028846153846153848
1 0.3004807692307692 0.6225961538461539 0.028846153846153848 0.028846153846153848
1 0.27524038461538464 0.7403846153846154 0.028846153846153848 0.028846153846153848
1 0.27524038461538464 0.7163461538461539 0.028846153846153848 0.026442307692307692
1 0.27283653846153844 0.6935096153846154 0.028846153846153848 0.026442307692307692
1 0.27163461538461536 0.6670673076923077 0.028846153846153848 0.028846153846153848
1 0.2704326923076923 0.6394230769230769 0.028846153846153848 0.028846153846153848
1 0.24519230769230768 0.7439903846153846 0.028846153846153848 0.028846153846153848
1 0.24759615384615385 0.7211538461538461 0.028846153846153848 0.02403846153846154
1 0.24519230769230768 0.6995192307692307 0.028846153846153848 0.02403846153846154
1 0.2439903846153846 0.6778846153846154 0.028846153846153848 0.021634615384615384
1 0.24278846153846154 0.6538461538461539 0.028846153846153848 0.02403846153846154
1 0.21995192307692307 0.7283653846153846 0.026442307692307692 0.014423076923076924
1 0.22355769230769232 0.7067307692307693 0.014423076923076924 0.021634615384615384
1 0.22355769230769232 0.6838942307692307 0.01201923076923077 0.021634615384615384
1 0.21153846153846154 0.7079326923076923 0.009615384615384616 0.021634615384615384
1 0.21394230769230768 0.7536057692307693 0.009615384615384616 0.02403846153846154
1 0.22596153846153846 0.7487980769230769 0.01201923076923077 0.026442307692307692