1 0.9423076923076923 0.7151442307692307 0.04807692307692308 0.055288461538461536
1 0.9507211538461539 0.6778846153846154 0.04807692307692308 0.052884615384615384
1 0.9579326923076923 0.6334134615384616 0.055288461538461536 0.0625
1 0.9675480769230769 0.5877403846153846 0.055288461538461536 0.06009615384615385
1 0.9735576923076923 0.5444711538461539 0.052884615384615384 0.06490384615384616
1 0.9903846153846154 0.49278846153846156 0.019230769230769232 0.057692307692307696
1 0.9411057692307693 0.5060096153846154 0.08173076923076923 0.055288461538461536
1 0.9122596153846154 0.5480769230769231 0.09134615384615384 0.07932692307692307
1 0.9014423076923077 0.5913461538461539 0.08653846153846154 0.07451923076923077
1 0.8930288461538461 0.6334134615384616 0.08413461538461539 0.07211538461538461
1 0.8870192307692307 0.6766826923076923 0.07932692307692307 0.0673076923076923
1 0.8810096153846154 0.7151442307692307 0.07692307692307693 0.06009615384615385
1 0.8653846153846154 0.5024038461538461 0.08173076923076923 0.0673076923076923
1 0.8341346153846154 0.5504807692307693 0.08173076923076923 0.07211538461538461
1 0.8245192307692307 0.5913461538461539 0.07692307692307693 0.0673076923076923
1 0.8161057692307693 0.6322115384615384 0.07692307692307693 0.0673076923076923
1 0.8052884615384616 0.6742788461538461 0.06971153846153846 0.055288461538461536
1 0.7980769230769231 0.7103365384615384 0.07211538461538461 0.057692307692307696
1 0.7403846153846154 0.5180288461538461 0.03365384615384615 0.038461538461538464
1 0.734375 0.5552884615384616 0.038461538461538464 0.04567307692307692
1 0.7271634615384616 0.5949519230769231 0.03365384615384615 0.040865384615384616
1 0.7223557692307693 0.6286057692307693 0.03365384615384615 0.038461538461538464
1 0.6899038461538461 0.515625 0.07692307692307693 0.04326923076923077
1 0.6826923076923077 0.5504807692307693 0.07692307692307693 0.0625
1 0.6778846153846154 0.5901442307692307 0.07692307692307693 0.0625
1 0.6706730769230769 0.6274038461538461 0.07932692307692307 0.06009615384615385
1 0.6646634615384616 0.6634615384615384 0.07451923076923077 0.055288461538461536
1 0.6514423076923077 0.7007211538461539 0.057692307692307696 0.052884615384615384
1 0.6418269230769231 0.5288461538461539 0.026442307692307692 0.03125
1 0.6298076923076923 0.5588942307692307 0.04326923076923077 0.040865384615384616
1 0.6237980769230769 0.59375 0.04326923076923077 0.04326923076923077
1 0.6177884615384616 0.6298076923076923 0.04326923076923077 0.04326923076923077
1 0.6021634615384616 0.6706730769230769 0.055288461538461536 0.036057692307692304
1 0.5961538461538461 0.6995192307692307 0.06009615384615385 0.04567307692307692
1 0.5973557692307693 0.5264423076923077 0.0673076923076923 0.04807692307692308
1 0.5709134615384616 0.5637019230769231 0.06490384615384616 0.04567307692307692
1 0.5661057692307693 0.5949519230769231 0.06971153846153846 0.05048076923076923
1 0.5564903846153846 0.6322115384615384 0.06490384615384616 0.04807692307692308
1 0.546875 0.6622596153846154 0.057692307692307696 0.04326923076923077
1 0.5408653846153846 0.6959134615384616 0.057692307692307696 0.04567307692307692
1 0.5372596153846154 0.5360576923076923 0.05048076923076923 0.038461538461538464
1 0.5132211538461539 0.5661057692307693 0.052884615384615384 0.04567307692307692
1 0.5072115384615384 0.5985576923076923 0.052884615384615384 0.04326923076923077
1 0.5012019230769231 0.6334134615384616 0.055288461538461536 0.04567307692307692
1 0.4951923076923077 0.6658653846153846 0.052884615384615384 0.04326923076923077
1 0.4879807692307692 0.6971153846153846 0.04807692307692308 0.038461538461538464
1 0.4266826923076923 0.5637019230769231 0.04326923076923077 0.03365384615384615
1 0.41947115384615385 0.5961538461538461 0.04567307692307692 0.04326923076923077
1 0.41225961538461536 0.6274038461538461 0.04807692307692308 0.040865384615384616
1 0.40865384615384615 0.65625 0.04807692307692308 0.04567307692307692
1 0.4014423076923077 0.6911057692307693 0.040865384615384616 0.04326923076923077
1 0.49038461538461536 0.5384615384615384 0.04807692307692308 0.036057692307692304
1 0.4675480769230769 0.5685096153846154 0.04567307692307692 0.04326923076923077
1 0.46033653846153844 0.6021634615384616 0.05048076923076923 0.04567307692307692
1 0.45552884615384615 0.6334134615384616 0.04807692307692308 0.04567307692307692
1 0.4483173076923077 0.6634615384615384 0.04807692307692308 0.04326923076923077
1 0.44591346153846156 0.6923076923076923 0.04567307692307692 0.04326923076923077
1 0.41225961538461536 0.5516826923076923 0.052884615384615384 0.036057692307692304
1 0.36658653846153844 0.5516826923076923 0.04326923076923077 0.03125
1 0.34975961538461536 0.5757211538461539 0.04326923076923077 0.036057692307692304
1 0.34134615384615385 0.6033653846153846 0.04326923076923077 0.040865384615384616
1 0.33533653846153844 0.6346153846153846 0.04326923076923077 0.040865384615384616
1 0.3317307692307692 0.6598557692307693 0.040865384615384616 0.036057692307692304
1 0.3245192307692308 0.6862980769230769 0.038461538461538464 0.036057692307692304
1 0.3858173076923077 0.5853365384615384 0.03365384615384615 0.028846153846153848
1 0.3762019230769231 0.6069711538461539 0.04567307692307692 0.040865384615384616
1 0.3701923076923077 0.6346153846153846 0.04567307692307692 0.040865384615384616
1 0.36538461538461536 0.6610576923076923 0.04567307692307692 0.040865384615384616
1 0.3605769230769231 0.6899038461538461 0.04567307692307692 0.040865384615384616
1 0.29086538461538464 0.6862980769230769 0.038461538461538464 0.036057692307692304
1 0.29447115384615385 0.6622596153846154 0.038461538461538464 0.036057692307692304
1 0.29927884615384615 0.6370192307692307 0.038461538461538464 0.03365384615384615
1 0.30528846153846156 0.6069711538461539 0.038461538461538464 0.038461538461538464
1 0.31009615384615385 0.578125 0.036057692307692304 0.036057692307692304
1 0.25841346153846156 0.6838942307692307 0.03365384615384615 0.03365384615384615
1 0.2620192307692308 0.6574519230769231 0.038461538461538464 0.036057692307692304
1 0.26802884615384615 0.6298076923076923 0.036057692307692304 0.03365384615384615
1 0.27283653846153844 0.6033653846153846 0.036057692307692304 0.036057692307692304
1 0.2776442307692308 0.5745192307692307 0.036057692307692304 0.036057692307692304
1 0.22716346153846154 0.6838942307692307 0.03365384615384615 0.03365384615384615
1 0.23197115384615385 0.6598557692307693 0.03365384615384615 0.03125
1 0.23557692307692307 0.6370192307692307 0.03365384615384615 0.03125
1 0.2403846153846154 0.6117788461538461 0.03365384615384615 0.03365384615384615
1 0.24519230769230768 0.5841346153846154 0.03365384615384615 0.03365384615384615
1 0.1971153846153846 0.6802884615384616 0.036057692307692304 0.036057692307692304
1 0.20432692307692307 0.6586538461538461 0.03125 0.028846153846153848
1 0.20673076923076922 0.6370192307692307 0.03125 0.028846153846153848
1 0.21033653846153846 0.6153846153846154 0.03125 0.026442307692307692
1 0.21514423076923078 0.5925480769230769 0.03125 0.028846153846153848
1 0.17548076923076922 0.6598557692307693 0.028846153846153848 0.021634615384615384
1 0.18389423076923078 0.6394230769230769 0.019230769230769232 0.02403846153846154
1 0.18870192307692307 0.6165865384615384 0.016826923076923076 0.02403846153846154
1 0.171875 0.6382211538461539 0.014423076923076924 0.02403846153846154
1 0.16466346153846154 0.6826923076923077 0.014423076923076924 0.026442307692307692
1 0.17668269230769232 0.6802884615384616 0.016826923076923076 0.028846153846153848