1 0.140625 0.3737980769230769 0.28125 0.35336538461538464
1 0.15865384615384615 0.7067307692307693 0.3125 0.40384615384615385
1 0.18870192307692307 0.9338942307692307 0.2283653846153846 0.13221153846153846
1 0.36899038461538464 0.2608173076923077 0.40384615384615385 0.3605769230769231
1 0.40625 0.59375 0.45913461538461536 0.47115384615384615
1 0.4567307692307692 0.8713942307692307 0.4423076923076923 0.25721153846153844
1 0.8112980769230769 0.84375 0.37740384615384615 0.25961538461538464
1 0.7644230769230769 0.5829326923076923 0.4254807692307692 0.4182692307692308
1 0.6947115384615384 0.26322115384615385 0.37740384615384615 0.3557692307692308
1 0.890625 0.18990384615384615 0.1658653846153846 0.31009615384615385
1 0.9411057692307693 0.5108173076923077 0.11778846153846154 0.41586538461538464