1 0.1935096153846154 0.014423076923076924 0.036057692307692304 0.028846153846153848
1 0.21153846153846154 0.014423076923076924 0.028846153846153848 0.028846153846153848
1 0.22956730769230768 0.016826923076923076 0.03125 0.03365384615384615
1 0.24879807692307693 0.018028846153846152 0.03125 0.036057692307692304
1 0.2668269230769231 0.019230769230769232 0.028846153846153848 0.038461538461538464
1 0.28725961538461536 0.02283653846153846 0.03125 0.04326923076923077
1 0.30288461538461536 0.025240384615384616 0.028846153846153848 0.038461538461538464
1 0.31850961538461536 0.004807692307692308 0.03125 0.009615384615384616
1 0.390625 0.009615384615384616 0.03125 0.019230769230769232
1 0.42788461538461536 0.01201923076923077 0.02403846153846154 0.02403846153846154
1 0.4651442307692308 0.014423076923076924 0.02403846153846154 0.028846153846153848
1 0.5192307692307693 0.02403846153846154 0.028846153846153848 0.03125
1 0.5745192307692307 0.03245192307692308 0.02403846153846154 0.028846153846153848
1 0.32091346153846156 0.02403846153846154 0.03125 0.04326923076923077
1 0.3425480769230769 0.030048076923076924 0.036057692307692304 0.04326923076923077
1 0.359375 0.03125 0.028846153846153848 0.04326923076923077
1 0.37740384615384615 0.03485576923076923 0.03125 0.04326923076923077
1 0.3942307692307692 0.038461538461538464 0.028846153846153848 0.040865384615384616
1 0.41466346153846156 0.039663461538461536 0.028846153846153848 0.040865384615384616
1 0.4326923076923077 0.04447115384615385 0.028846153846153848 0.040865384615384616
1 0.4495192307692308 0.046875 0.03125 0.04326923076923077
1 0.4675480769230769 0.04807692307692308 0.028846153846153848 0.040865384615384616
1 0.4855769230769231 0.05048076923076923 0.026442307692307692 0.04326923076923077
1 0.5048076923076923 0.055288461538461536 0.026442307692307692 0.038461538461538464
1 0.5276442307692307 0.056490384615384616 0.03125 0.040865384615384616
1 0.5600961538461539 0.0625 0.03125 0.040865384615384616
1 0.5793269230769231 0.06610576923076923 0.028846153846153848 0.038461538461538464
1 0.5925480769230769 0.038461538461538464 0.026442307692307692 0.02403846153846154
1 0.5973557692307693 0.06850961538461539 0.028846153846153848 0.04326923076923077
1 0.6129807692307693 0.0733173076923077 0.03125 0.04326923076923077
1 0.6358173076923077 0.0733173076923077 0.026442307692307692 0.040865384615384616
1 0.6574519230769231 0.07572115384615384 0.03125 0.04326923076923077
1 0.6875 0.08533653846153846 0.02403846153846154 0.02403846153846154
1 0.6646634615384616 0.04567307692307692 0.02403846153846154 0.02403846153846154
1 0.6838942307692307 0.04807692307692308 0.021634615384615384 0.02403846153846154
1 0.703125 0.054086538461538464 0.026442307692307692 0.038461538461538464
1 0.7103365384615384 0.08533653846153846 0.03365384615384615 0.04567307692307692
1 0.7259615384615384 0.09014423076923077 0.02403846153846154 0.026442307692307692
1 0.7367788461538461 0.05889423076923077 0.03125 0.040865384615384616
1 0.7475961538461539 0.09014423076923077 0.028846153846153848 0.040865384615384616
1 0.765625 0.09134615384615384 0.02403846153846154 0.040865384615384616
1 0.7848557692307693 0.09495192307692307 0.028846153846153848 0.040865384615384616
1 0.796875 0.06490384615384616 0.028846153846153848 0.028846153846153848
1 0.8016826923076923 0.0985576923076923 0.026442307692307692 0.040865384615384616
1 0.8233173076923077 0.10096153846153846 0.028846153846153848 0.040865384615384616
1 0.8389423076923077 0.1045673076923077 0.026442307692307692 0.040865384615384616
1 0.859375 0.10817307692307693 0.028846153846153848 0.04326923076923077
1 0.8317307692307693 0.07091346153846154 0.02403846153846154 0.026442307692307692
1 0.8485576923076923 0.07091346153846154 0.02403846153846154 0.03125
1 0.8858173076923077 0.07692307692307693 0.028846153846153848 0.03125
1 0.8774038461538461 0.11057692307692307 0.028846153846153848 0.04326923076923077
1 0.8954326923076923 0.1141826923076923 0.026442307692307692 0.04567307692307692
1 0.9158653846153846 0.11658653846153846 0.026442307692307692 0.040865384615384616
1 0.9362980769230769 0.11899038461538461 0.026442307692307692 0.04326923076923077
1 0.9555288461538461 0.12139423076923077 0.026442307692307692 0.040865384615384616
1 0.9242788461538461 0.08413461538461539 0.02403846153846154 0.03365384615384615
1 0.9435096153846154 0.08653846153846154 0.021634615384615384 0.026442307692307692
1 0.9615384615384616 0.0889423076923077 0.028846153846153848 0.028846153846153848
1 0.9795673076923077 0.09254807692307693 0.02403846153846154 0.02403846153846154
1 0.9927884615384616 0.09375 0.014423076923076924 0.028846153846153848
1 0.9723557692307693 0.12379807692307693 0.028846153846153848 0.04326923076923077
1 0.9891826923076923 0.125 0.021634615384615384 0.04326923076923077
1 0.9963942307692307 0.23197115384615385 0.007211538461538462 0.03125
1 0.9903846153846154 0.19230769230769232 0.019230769230769232 0.03365384615384615
1 0.9831730769230769 0.2283653846153846 0.028846153846153848 0.04326923076923077
1 0.9639423076923077 0.22596153846153846 0.026442307692307692 0.04567307692307692
1 0.9711538461538461 0.18990384615384615 0.026442307692307692 0.036057692307692304
1 0.9519230769230769 0.18870192307692307 0.02403846153846154 0.03365384615384615
1 0.9447115384615384 0.22235576923076922 0.03125 0.04567307692307692
1 0.9230769230769231 0.21875 0.03125 0.04567307692307692
1 0.9326923076923077 0.18509615384615385 0.021634615384615384 0.03125
1 0.9026442307692307 0.21634615384615385 0.03125 0.04567307692307692
1 0.8822115384615384 0.21394230769230768 0.028846153846153848 0.04326923076923077
1 0.8966346153846154 0.18028846153846154 0.028846153846153848 0.03365384615384615
1 0.8629807692307693 0.21033653846153846 0.02403846153846154 0.04326923076923077
1 0.8725961538461539 0.17548076923076922 0.02403846153846154 0.03365384615384615
1 0.84375 0.20793269230769232 0.026442307692307692 0.04326923076923077
1 0.8521634615384616 0.171875 0.026442307692307692 0.036057692307692304
1 0.8257211538461539 0.20432692307692307 0.026442307692307692 0.04326923076923077
1 0.8341346153846154 0.17067307692307693 0.02403846153846154 0.03365384615384615
1 0.8052884615384616 0.203125 0.028846153846153848 0.04326923076923077
1 0.8161057692307693 0.16706730769230768 0.028846153846153848 0.036057692307692304
1 0.7848557692307693 0.19951923076923078 0.03365384615384615 0.04567307692307692
1 0.7980769230769231 0.16466346153846154 0.028846153846153848 0.036057692307692304
1 0.765625 0.19591346153846154 0.03365384615384615 0.04567307692307692
1 0.7800480769230769 0.1622596153846154 0.02403846153846154 0.03365384615384615
1 0.7487980769230769 0.19230769230769232 0.026442307692307692 0.04567307692307692
1 0.7596153846153846 0.15865384615384615 0.028846153846153848 0.03365384615384615
1 0.7307692307692307 0.18990384615384615 0.028846153846153848 0.04326923076923077
1 0.7379807692307693 0.15504807692307693 0.028846153846153848 0.03365384615384615
1 0.7079326923076923 0.18629807692307693 0.03365384615384615 0.04567307692307692
1 0.7199519230769231 0.15264423076923078 0.02403846153846154 0.03125
1 0.7019230769230769 0.1502403846153846 0.028846153846153848 0.03125
1 0.6887019230769231 0.18389423076923078 0.03365384615384615 0.04807692307692308
1 0.6682692307692307 0.18028846153846154 0.03125 0.04567307692307692
1 0.6502403846153846 0.17668269230769232 0.028846153846153848 0.04326923076923077
1 0.6646634615384616 0.14543269230769232 0.03365384615384615 0.03125
1 0.6430288461538461 0.14182692307692307 0.03125 0.03365384615384615
1 0.6298076923076923 0.17548076923076922 0.028846153846153848 0.04326923076923077
1 0.609375 0.171875 0.03125 0.04567307692307692
1 0.5913461538461539 0.16826923076923078 0.03365384615384615 0.04567307692307692
1 0.5889423076923077 0.13341346153846154 0.03125 0.04326923076923077
1 0.5709134615384616 0.171875 0.02403846153846154 0.03125
1 0.5516826923076923 0.16706730769230768 0.028846153846153848 0.03125
1 0.5360576923076923 0.15985576923076922 0.03125 0.04326923076923077
1 0.5480769230769231 0.12620192307692307 0.03365384615384615 0.036057692307692304
1 0.5168269230769231 0.15745192307692307 0.03365384615384615 0.04567307692307692
1 0.5276442307692307 0.125 0.03125 0.03365384615384615
1 0.5084134615384616 0.1201923076923077 0.028846153846153848 0.03125
1 0.49399038461538464 0.15504807692307693 0.03125 0.04326923076923077
1 0.47596153846153844 0.14903846153846154 0.028846153846153848 0.04326923076923077
1 0.4891826923076923 0.11658653846153846 0.03125 0.03365384615384615
1 0.46875 0.11538461538461539 0.028846153846153848 0.03365384615384615
1 0.4567307692307692 0.14903846153846154 0.03125 0.04567307692307692
1 0.43509615384615385 0.14543269230769232 0.03125 0.04326923076923077
1 0.4495192307692308 0.11177884615384616 0.028846153846153848 0.03365384615384615
1 0.4170673076923077 0.14182692307692307 0.03125 0.04326923076923077
1 0.39903846153846156 0.13942307692307693 0.028846153846153848 0.04326923076923077
1 0.3786057692307692 0.13581730769230768 0.03125 0.04326923076923077
1 0.39663461538461536 0.1045673076923077 0.028846153846153848 0.03125
1 0.3786057692307692 0.10096153846153846 0.03125 0.03365384615384615
1 0.3581730769230769 0.13341346153846154 0.03125 0.04326923076923077
1 0.3389423076923077 0.12980769230769232 0.03125 0.04326923076923077
1 0.32211538461538464 0.12740384615384615 0.028846153846153848 0.04326923076923077
1 0.30288461538461536 0.125 0.03125 0.04326923076923077
1 0.28125 0.1201923076923077 0.03125 0.04326923076923077
1 0.26322115384615385 0.11778846153846154 0.03125 0.04326923076923077
1 0.2439903846153846 0.11538461538461539 0.036057692307692304 0.04326923076923077
1 0.22115384615384615 0.11899038461538461 0.028846153846153848 0.028846153846153848
1 0.2091346153846154 0.109375 0.036057692307692304 0.04326923076923077
1 0.18990384615384615 0.10697115384615384 0.038461538461538464 0.04326923076923077
1 0.17067307692307693 0.10336538461538461 0.036057692307692304 0.04326923076923077
1 0.14903846153846154 0.09975961538461539 0.036057692307692304 0.04567307692307692
1 0.12980769230769232 0.0985576923076923 0.038461538461538464 0.04807692307692308
1 0.3557692307692308 0.09615384615384616 0.03125 0.03365384615384615
1 0.33774038461538464 0.09375 0.03125 0.03125
1 0.3161057692307692 0.09014423076923077 0.03125 0.03365384615384615
1 0.2980769230769231 0.08653846153846154 0.028846153846153848 0.03125
1 0.28125 0.08413461538461539 0.03125 0.03125
1 0.2620192307692308 0.08173076923076923 0.03365384615384615 0.03125
1 0.24278846153846154 0.078125 0.03125 0.03365384615384615
1 0.22355769230769232 0.07692307692307693 0.028846153846153848 0.03125
1 0.203125 0.0733173076923077 0.03365384615384615 0.03125
1 0.18629807692307693 0.07091346153846154 0.03365384615384615 0.03125
1 0.16826923076923078 0.06490384615384616 0.036057692307692304 0.03365384615384615
1 0.14783653846153846 0.0625 0.03365384615384615 0.03365384615384615
1 0.0625 0.19591346153846154 0.038461538461538464 0.04567307692307692
1 0.08052884615384616 0.19951923076923078 0.036057692307692304 0.04807692307692308
1 0.10216346153846154 0.16706730769230768 0.036057692307692304 0.03125
1 0.10096153846153846 0.20432692307692307 0.03125 0.03125
1 0.12139423076923077 0.20552884615384615 0.036057692307692304 0.04567307692307692
1 0.13942307692307693 0.171875 0.036057692307692304 0.036057692307692304
1 0.16105769230769232 0.17548076923076922 0.03125 0.03365384615384615
1 0.14423076923076922 0.21153846153846154 0.03365384615384615 0.05048076923076923
1 0.1622596153846154 0.2127403846153846 0.03365384615384615 0.04807692307692308
1 0.17908653846153846 0.1778846153846154 0.03125 0.03365384615384615
1 0.19831730769230768 0.1814903846153846 0.03365384615384615 0.036057692307692304
1 0.18389423076923078 0.21514423076923078 0.03365384615384615 0.04567307692307692
1 0.20432692307692307 0.21875 0.03125 0.04326923076923077
1 0.22115384615384615 0.18509615384615385 0.03365384615384615 0.03365384615384615
1 0.24278846153846154 0.18990384615384615 0.036057692307692304 0.036057692307692304
1 0.22235576923076922 0.22355769230769232 0.036057692307692304 0.04326923076923077
1 0.24519230769230768 0.22596153846153846 0.03365384615384615 0.04807692307692308
1 0.2776442307692308 0.19471153846153846 0.03125 0.03365384615384615
1 0.2668269230769231 0.2283653846153846 0.036057692307692304 0.04567307692307692
1 0.3016826923076923 0.2403846153846154 0.03125 0.03125
1 0.296875 0.19951923076923078 0.026442307692307692 0.026442307692307692
1 0.31971153846153844 0.203125 0.03125 0.040865384615384616
1 0.33653846153846156 0.2091346153846154 0.03125 0.04326923076923077
1 0.34134615384615385 0.24158653846153846 0.036057692307692304 0.04807692307692308
1 0.3581730769230769 0.20552884615384615 0.03125 0.03365384615384615
1 0.3762019230769231 0.2091346153846154 0.03365384615384615 0.03365384615384615
1 0.3629807692307692 0.2439903846153846 0.036057692307692304 0.04807692307692308
1 0.39783653846153844 0.2127403846153846 0.028846153846153848 0.03365384615384615
1 0.38341346153846156 0.24759615384615385 0.03125 0.04807692307692308
1 0.4170673076923077 0.21514423076923078 0.03365384615384615 0.036057692307692304
1 0.4026442307692308 0.2512019230769231 0.03365384615384615 0.04807692307692308
1 0.4230769230769231 0.2536057692307692 0.03365384615384615 0.04567307692307692
1 0.4423076923076923 0.25961538461538464 0.02403846153846154 0.03125
1 0.45552884615384615 0.2247596153846154 0.036057692307692304 0.04567307692307692
1 0.47596153846153844 0.2283653846153846 0.036057692307692304 0.04326923076923077
1 0.4651442307692308 0.2620192307692308 0.02403846153846154 0.03125
1 0.48197115384615385 0.265625 0.02403846153846154 0.03125
1 0.49759615384615385 0.23317307692307693 0.03365384615384615 0.04567307692307692
1 0.5048076923076923 0.265625 0.03125 0.04807692307692308
1 0.5180288461538461 0.23197115384615385 0.028846153846153848 0.03365384615384615
1 0.5396634615384616 0.23677884615384615 0.03365384615384615 0.03125
1 0.5240384615384616 0.2692307692307692 0.03365384615384615 0.04807692307692308
1 0.5432692307692307 0.2704326923076923 0.03125 0.04807692307692308
1 0.5649038461538461 0.27524038461538464 0.03125 0.04807692307692308
1 0.5841346153846154 0.23918269230769232 0.02403846153846154 0.02403846153846154