1 0.2824519230769231 0.004807692307692308 0.036057692307692304 0.009615384615384616
1 0.3016826923076923 0.006009615384615385 0.036057692307692304 0.01201923076923077
1 0.3173076923076923 0.009615384615384616 0.03365384615384615 0.019230769230769232
1 0.33774038461538464 0.01201923076923077 0.036057692307692304 0.02403846153846154
1 0.35336538461538464 0.013221153846153846 0.03365384615384615 0.026442307692307692
1 0.4423076923076923 0.006009615384615385 0.03365384615384615 0.01201923076923077
1 0.4795673076923077 0.010817307692307692 0.026442307692307692 0.021634615384615384
1 0.515625 0.014423076923076924 0.026442307692307692 0.028846153846153848
1 0.5697115384615384 0.028846153846153848 0.03125 0.03365384615384615
1 0.6225961538461539 0.042067307692307696 0.026442307692307692 0.03125
1 0.3713942307692308 0.014423076923076924 0.036057692307692304 0.028846153846153848
1 0.3918269230769231 0.019230769230769232 0.038461538461538464 0.038461538461538464
1 0.40865384615384615 0.020432692307692308 0.03365384615384615 0.040865384615384616
1 0.4266826923076923 0.025240384615384616 0.036057692307692304 0.04326923076923077
1 0.44350961538461536 0.028846153846153848 0.03365384615384615 0.04326923076923077
1 0.46274038461538464 0.03365384615384615 0.03365384615384615 0.04326923076923077
1 0.4807692307692308 0.039663461538461536 0.03365384615384615 0.04326923076923077
1 0.49759615384615385 0.04447115384615385 0.036057692307692304 0.04326923076923077
1 0.515625 0.04807692307692308 0.03365384615384615 0.04326923076923077
1 0.5336538461538461 0.05048076923076923 0.028846153846153848 0.04326923076923077
1 0.5516826923076923 0.057692307692307696 0.028846153846153848 0.040865384615384616
1 0.5733173076923077 0.06129807692307692 0.036057692307692304 0.040865384615384616
1 0.6057692307692307 0.07211538461538461 0.036057692307692304 0.040865384615384616
1 0.625 0.07692307692307693 0.03365384615384615 0.040865384615384616
1 0.640625 0.05048076923076923 0.028846153846153848 0.026442307692307692
1 0.6418269230769231 0.08173076923076923 0.03365384615384615 0.04567307692307692
1 0.65625 0.08774038461538461 0.036057692307692304 0.04567307692307692
1 0.6790865384615384 0.09014423076923077 0.028846153846153848 0.04326923076923077
1 0.7007211538461539 0.09495192307692307 0.036057692307692304 0.04326923076923077
1 0.7295673076923077 0.10697115384615384 0.026442307692307692 0.026442307692307692
1 0.7115384615384616 0.06490384615384616 0.026442307692307692 0.026442307692307692
1 0.7295673076923077 0.06971153846153846 0.02403846153846154 0.026442307692307692
1 0.7487980769230769 0.078125 0.028846153846153848 0.040865384615384616
1 0.7524038461538461 0.109375 0.036057692307692304 0.04807692307692308
1 0.7668269230769231 0.11658653846153846 0.026442307692307692 0.028846153846153848
1 0.78125 0.08653846153846154 0.036057692307692304 0.040865384615384616
1 0.7884615384615384 0.11778846153846154 0.03365384615384615 0.04326923076923077
1 0.8064903846153846 0.12139423076923077 0.028846153846153848 0.04326923076923077
1 0.8257211538461539 0.12620192307692307 0.03365384615384615 0.04326923076923077
1 0.8401442307692307 0.0985576923076923 0.03125 0.03125
1 0.8425480769230769 0.13221153846153846 0.028846153846153848 0.04326923076923077
1 0.8629807692307693 0.13701923076923078 0.03365384615384615 0.04326923076923077
1 0.8786057692307693 0.14182692307692307 0.028846153846153848 0.04326923076923077
1 0.8978365384615384 0.14783653846153846 0.03365384615384615 0.04567307692307692
1 0.875 0.10817307692307693 0.026442307692307692 0.028846153846153848
1 0.8918269230769231 0.109375 0.026442307692307692 0.03125
1 0.9278846153846154 0.11899038461538461 0.03125 0.03365384615384615
1 0.9158653846153846 0.15264423076923078 0.03365384615384615 0.04567307692307692
1 0.9338942307692307 0.15745192307692307 0.03125 0.04567307692307692
1 0.9543269230769231 0.1622596153846154 0.028846153846153848 0.04326923076923077
1 0.9735576923076923 0.16706730769230768 0.028846153846153848 0.04326923076923077
1 0.9891826923076923 0.17067307692307693 0.021634615384615384 0.04326923076923077
1 0.9663461538461539 0.1310096153846154 0.026442307692307692 0.03365384615384615
1 0.984375 0.1346153846153846 0.02403846153846154 0.028846153846153848
1 0.9927884615384616 0.13822115384615385 0.014423076923076924 0.03125
1 0.9951923076923077 0.17427884615384615 0.009615384615384616 0.04567307692307692
1 0.9963942307692307 0.2800480769230769 0.007211538461538462 0.04567307692307692
1 0.9867788461538461 0.27524038461538464 0.026442307692307692 0.04567307692307692
1 0.9927884615384616 0.24158653846153846 0.014423076923076924 0.036057692307692304
1 0.9819711538461539 0.23677884615384615 0.026442307692307692 0.03365384615384615
1 0.9711538461538461 0.2704326923076923 0.03365384615384615 0.04567307692307692
1 0.9495192307692307 0.2644230769230769 0.03365384615384615 0.04567307692307692
1 0.9639423076923077 0.23197115384615385 0.02403846153846154 0.03125
1 0.9302884615384616 0.25961538461538464 0.03365384615384615 0.04567307692307692
1 0.9098557692307693 0.2548076923076923 0.03365384615384615 0.04567307692307692
1 0.9278846153846154 0.22355769230769232 0.03125 0.036057692307692304
1 0.8918269230769231 0.25 0.028846153846153848 0.04567307692307692
1 0.9050480769230769 0.21634615384615385 0.026442307692307692 0.03365384615384615
1 0.8713942307692307 0.24519230769230768 0.028846153846153848 0.04326923076923077
1 0.8846153846153846 0.21033653846153846 0.028846153846153848 0.036057692307692304
1 0.8545673076923077 0.2403846153846154 0.028846153846153848 0.04326923076923077
1 0.8665865384615384 0.20793269230769232 0.026442307692307692 0.03365384615384615
1 0.8341346153846154 0.23677884615384615 0.03365384615384615 0.04567307692307692
1 0.8485576923076923 0.20192307692307693 0.03125 0.038461538461538464
1 0.8149038461538461 0.23076923076923078 0.036057692307692304 0.04807692307692308
1 0.8305288461538461 0.19831730769230768 0.03125 0.038461538461538464
1 0.796875 0.2247596153846154 0.036057692307692304 0.04807692307692308
1 0.8137019230769231 0.1935096153846154 0.026442307692307692 0.03365384615384615
1 0.7788461538461539 0.21995192307692307 0.03125 0.04567307692307692
1 0.7944711538461539 0.1875 0.03125 0.036057692307692304
1 0.7620192307692307 0.21514423076923078 0.03365384615384615 0.04567307692307692
1 0.7728365384615384 0.18269230769230768 0.03125 0.036057692307692304
1 0.7391826923076923 0.2091346153846154 0.036057692307692304 0.04807692307692308
1 0.7560096153846154 0.1778846153846154 0.026442307692307692 0.03125
1 0.7367788461538461 0.17307692307692307 0.03125 0.03365384615384615
1 0.7211538461538461 0.20552884615384615 0.036057692307692304 0.05048076923076923
1 0.7007211538461539 0.19951923076923078 0.03365384615384615 0.04567307692307692
1 0.6826923076923077 0.19471153846153846 0.03365384615384615 0.04567307692307692
1 0.7007211538461539 0.16466346153846154 0.036057692307692304 0.03365384615384615
1 0.6802884615384616 0.15865384615384615 0.03365384615384615 0.036057692307692304
1 0.6622596153846154 0.18990384615384615 0.03365384615384615 0.04567307692307692
1 0.6430288461538461 0.18509615384615385 0.03365384615384615 0.04567307692307692
1 0.6262019230769231 0.17908653846153846 0.036057692307692304 0.04807692307692308
1 0.6262019230769231 0.14423076923076922 0.036057692307692304 0.04567307692307692
1 0.6057692307692307 0.1814903846153846 0.026442307692307692 0.03125
1 0.5865384615384616 0.17427884615384615 0.03125 0.03365384615384615
1 0.5709134615384616 0.1658653846153846 0.036057692307692304 0.04567307692307692
1 0.5865384615384616 0.13341346153846154 0.038461538461538464 0.038461538461538464
1 0.5528846153846154 0.16105769230769232 0.036057692307692304 0.04807692307692308
1 0.5673076923076923 0.12980769230769232 0.03365384615384615 0.036057692307692304
1 0.5480769230769231 0.12379807692307693 0.03125 0.03365384615384615
1 0.5300480769230769 0.15625 0.036057692307692304 0.04567307692307692
1 0.5132211538461539 0.14903846153846154 0.03365384615384615 0.04567307692307692
1 0.5288461538461539 0.11658653846153846 0.03365384615384615 0.036057692307692304
1 0.5084134615384616 0.1141826923076923 0.03125 0.036057692307692304
1 0.49399038461538464 0.1466346153846154 0.03365384615384615 0.04567307692307692
1 0.4723557692307692 0.140625 0.036057692307692304 0.04567307692307692
1 0.49038461538461536 0.109375 0.03125 0.036057692307692304
1 0.4543269230769231 0.13581730769230768 0.036057692307692304 0.04567307692307692
1 0.4375 0.1310096153846154 0.03365384615384615 0.04567307692307692
1 0.4182692307692308 0.125 0.036057692307692304 0.04567307692307692
1 0.4387019230769231 0.09495192307692307 0.03125 0.03365384615384615
1 0.4206730769230769 0.09014423076923077 0.03365384615384615 0.036057692307692304
1 0.39783653846153844 0.1201923076923077 0.036057692307692304 0.04567307692307692
1 0.3786057692307692 0.11538461538461539 0.036057692307692304 0.04567307692307692
1 0.36177884615384615 0.11057692307692307 0.03365384615384615 0.04567307692307692
1 0.3425480769230769 0.10697115384615384 0.036057692307692304 0.04567307692307692
1 0.32211538461538464 0.0985576923076923 0.036057692307692304 0.04567307692307692
1 0.30528846153846156 0.09495192307692307 0.036057692307692304 0.04567307692307692
1 0.2860576923076923 0.09014423076923077 0.038461538461538464 0.04567307692307692
1 0.2620192307692308 0.09134615384615384 0.03125 0.03125
1 0.2512019230769231 0.08173076923076923 0.038461538461538464 0.04567307692307692
1 0.23317307692307693 0.07572115384615384 0.040865384615384616 0.04567307692307692
1 0.21394230769230768 0.07091346153846154 0.038461538461538464 0.04567307692307692
1 0.1935096153846154 0.06610576923076923 0.040865384615384616 0.04807692307692308
1 0.17427884615384615 0.06129807692307692 0.04326923076923077 0.05048076923076923
1 0.39903846153846156 0.0829326923076923 0.03365384615384615 0.036057692307692304
1 0.38100961538461536 0.07932692307692307 0.03365384615384615 0.03365384615384615
1 0.3605769230769231 0.0733173076923077 0.03365384615384615 0.036057692307692304
1 0.3425480769230769 0.06850961538461539 0.03125 0.03365384615384615
1 0.32572115384615385 0.06370192307692307 0.03365384615384615 0.03365384615384615
1 0.3076923076923077 0.05889423076923077 0.036057692307692304 0.03365384615384615
1 0.28846153846153844 0.054086538461538464 0.03365384615384615 0.036057692307692304
1 0.2692307692307692 0.05048076923076923 0.03125 0.03365384615384615
1 0.25 0.04447115384615385 0.036057692307692304 0.03365384615384615
1 0.23197115384615385 0.039663461538461536 0.036057692307692304 0.03365384615384615
1 0.21514423076923078 0.03365384615384615 0.038461538461538464 0.038461538461538464
1 0.19591346153846154 0.027644230769230768 0.036057692307692304 0.036057692307692304
1 0.09735576923076923 0.15144230769230768 0.04326923076923077 0.04807692307692308
1 0.1141826923076923 0.15745192307692307 0.040865384615384616 0.05048076923076923
1 0.13942307692307693 0.12740384615384615 0.038461538461538464 0.036057692307692304
1 0.1346153846153846 0.16466346153846154 0.03365384615384615 0.03365384615384615
1 0.15504807692307693 0.16706730769230768 0.040865384615384616 0.04807692307692308
1 0.17548076923076922 0.13581730769230768 0.040865384615384616 0.040865384615384616
1 0.1971153846153846 0.14182692307692307 0.03365384615384615 0.036057692307692304
1 0.17668269230769232 0.17548076923076922 0.038461538461538464 0.052884615384615384
1 0.1935096153846154 0.17908653846153846 0.036057692307692304 0.05048076923076923
1 0.21394230769230768 0.14543269230769232 0.03365384615384615 0.036057692307692304
1 0.234375 0.15144230769230768 0.038461538461538464 0.038461538461538464
1 0.21514423076923078 0.18389423076923078 0.036057692307692304 0.04807692307692308
1 0.234375 0.18870192307692307 0.036057692307692304 0.04567307692307692
1 0.25600961538461536 0.15745192307692307 0.036057692307692304 0.036057692307692304
1 0.2764423076923077 0.16466346153846154 0.040865384615384616 0.040865384615384616
1 0.25240384615384615 0.19591346153846154 0.038461538461538464 0.04567307692307692
1 0.27524038461538464 0.20072115384615385 0.036057692307692304 0.05048076923076923
1 0.3112980769230769 0.17307692307692307 0.03365384615384615 0.036057692307692304
1 0.296875 0.20552884615384615 0.040865384615384616 0.04807692307692308
1 0.3293269230769231 0.22115384615384615 0.03365384615384615 0.03365384615384615
1 0.3293269230769231 0.18028846153846154 0.028846153846153848 0.028846153846153848
1 0.35096153846153844 0.18629807692307693 0.036057692307692304 0.040865384615384616
1 0.36778846153846156 0.1935096153846154 0.036057692307692304 0.04567307692307692
1 0.36899038461538464 0.22596153846153846 0.040865384615384616 0.05048076923076923
1 0.3894230769230769 0.19230769230769232 0.03365384615384615 0.036057692307692304
1 0.40625 0.1971153846153846 0.036057692307692304 0.036057692307692304
1 0.390625 0.23076923076923078 0.040865384615384616 0.05048076923076923
1 0.42908653846153844 0.203125 0.03125 0.036057692307692304
1 0.4098557692307692 0.23677884615384615 0.03365384615384615 0.04807692307692308
1 0.44711538461538464 0.20793269230769232 0.038461538461538464 0.038461538461538464
1 0.43028846153846156 0.24278846153846154 0.036057692307692304 0.05048076923076923
1 0.4495192307692308 0.24639423076923078 0.036057692307692304 0.04807692307692308
1 0.4675480769230769 0.2548076923076923 0.026442307692307692 0.03125
1 0.484375 0.22235576923076922 0.040865384615384616 0.04807692307692308
1 0.5048076923076923 0.22716346153846154 0.038461538461538464 0.04567307692307692
1 0.4891826923076923 0.25961538461538464 0.026442307692307692 0.03125
1 0.5072115384615384 0.265625 0.026442307692307692 0.03125
1 0.5252403846153846 0.234375 0.036057692307692304 0.04807692307692308
1 0.5288461538461539 0.26802884615384615 0.03365384615384615 0.04807692307692308
1 0.5456730769230769 0.234375 0.03125 0.036057692307692304
1 0.5661057692307693 0.24278846153846154 0.036057692307692304 0.03365384615384615
1 0.5480769230769231 0.27283653846153844 0.036057692307692304 0.05048076923076923
1 0.5673076923076923 0.2764423076923077 0.03365384615384615 0.04807692307692308
1 0.5877403846153846 0.28365384615384615 0.03365384615384615 0.04807692307692308
1 0.6105769230769231 0.25 0.026442307692307692 0.026442307692307692