1 0.09615384615384616 0.5372596153846154 0.06009615384615385 0.04567307692307692
1 0.09134615384615384 0.5757211538461539 0.055288461538461536 0.04807692307692308
1 0.08653846153846154 0.6129807692307693 0.055288461538461536 0.04567307692307692
1 0.08173076923076923 0.6514423076923077 0.055288461538461536 0.04807692307692308
1 0.15745192307692307 0.5456730769230769 0.07211538461538461 0.04807692307692308
1 0.15264423076923078 0.5841346153846154 0.07692307692307693 0.04807692307692308
1 0.13581730769230768 0.6201923076923077 0.052884615384615384 0.04567307692307692
1 0.1310096153846154 0.6598557692307693 0.052884615384615384 0.04326923076923077
1 0.18509615384615385 0.6322115384615384 0.052884615384615384 0.04326923076923077
1 0.17908653846153846 0.6670673076923077 0.055288461538461536 0.04326923076923077
1 0.2283653846153846 0.6754807692307693 0.052884615384615384 0.04326923076923077
1 0.23197115384615385 0.6382211538461539 0.052884615384615384 0.04326923076923077
1 0.22115384615384615 0.5661057692307693 0.052884615384615384 0.04567307692307692
1 0.22596153846153846 0.5288461538461539 0.052884615384615384 0.04326923076923077
1 0.17908653846153846 0.5204326923076923 0.04807692307692308 0.040865384615384616
1 0.2620192307692308 0.5336538461538461 0.026442307692307692 0.038461538461538464
1 0.2548076923076923 0.5709134615384616 0.026442307692307692 0.04567307692307692
1 0.21394230769230768 0.6021634615384616 0.052884615384615384 0.038461538461538464
1 0.25 0.6045673076923077 0.028846153846153848 0.036057692307692304
1 0.2980769230769231 0.5036057692307693 0.055288461538461536 0.04326923076923077
1 0.29447115384615385 0.5372596153846154 0.06009615384615385 0.04326923076923077
1 0.28846153846153844 0.5721153846153846 0.06009615384615385 0.04807692307692308
1 0.2860576923076923 0.6081730769230769 0.06009615384615385 0.04326923076923077
1 0.28125 0.6466346153846154 0.0625 0.04807692307692308
1 0.2764423076923077 0.6826923076923077 0.0625 0.04326923076923077
1 0.3473557692307692 0.5060096153846154 0.06009615384615385 0.04326923076923077
1 0.34134615384615385 0.5432692307692307 0.06009615384615385 0.05048076923076923
1 0.33653846153846156 0.5805288461538461 0.0625 0.05048076923076923
1 0.33413461538461536 0.6153846153846154 0.06009615384615385 0.04326923076923077
1 0.33052884615384615 0.6478365384615384 0.0625 0.04807692307692308
1 0.32572115384615385 0.6862980769230769 0.06009615384615385 0.04807692307692308
1 0.3942307692307692 0.5144230769230769 0.055288461538461536 0.04326923076923077
1 0.39302884615384615 0.5492788461538461 0.06009615384615385 0.05048076923076923
1 0.3858173076923077 0.5877403846153846 0.06009615384615385 0.05048076923076923
1 0.38221153846153844 0.6213942307692307 0.055288461538461536 0.040865384615384616
1 0.3786057692307692 0.65625 0.055288461538461536 0.05048076923076923
1 0.3762019230769231 0.6935096153846154 0.055288461538461536 0.04807692307692308
1 0.4423076923076923 0.5204326923076923 0.055288461538461536 0.040865384615384616
1 0.4362980769230769 0.5540865384615384 0.055288461538461536 0.04807692307692308
1 0.43149038461538464 0.5925480769230769 0.055288461538461536 0.04807692307692308
1 0.43028846153846156 0.6286057692307693 0.06009615384615385 0.04326923076923077
1 0.4254807692307692 0.6634615384615384 0.0625 0.052884615384615384
1 0.4230769230769231 0.7007211538461539 0.0625 0.04326923076923077
1 0.49759615384615385 0.5264423076923077 0.07451923076923077 0.04807692307692308
1 0.4963942307692308 0.5637019230769231 0.07692307692307693 0.04807692307692308
1 0.4891826923076923 0.6033653846153846 0.07932692307692307 0.052884615384615384
1 0.47716346153846156 0.6334134615384616 0.055288461538461536 0.040865384615384616
1 0.47475961538461536 0.6694711538461539 0.06009615384615385 0.04807692307692308
1 0.4723557692307692 0.7079326923076923 0.055288461538461536 0.04567307692307692
1 0.5540865384615384 0.5757211538461539 0.055288461538461536 0.040865384615384616
1 0.5396634615384616 0.609375 0.038461538461538464 0.04326923076923077
1 0.5276442307692307 0.6430288461538461 0.055288461538461536 0.040865384615384616
1 0.5252403846153846 0.6790865384615384 0.055288461538461536 0.04807692307692308
1 0.5204326923076923 0.7163461538461539 0.055288461538461536 0.04326923076923077
1 0.5997596153846154 0.5757211538461539 0.05048076923076923 0.03365384615384615
1 0.5889423076923077 0.6057692307692307 0.07211538461538461 0.04567307692307692
1 0.5769230769230769 0.6430288461538461 0.055288461538461536 0.04807692307692308
1 0.5733173076923077 0.6826923076923077 0.055288461538461536 0.04807692307692308
1 0.5685096153846154 0.7199519230769231 0.055288461538461536 0.04567307692307692
1 0.6550480769230769 0.5889423076923077 0.07211538461538461 0.04567307692307692
1 0.6454326923076923 0.6189903846153846 0.04807692307692308 0.03365384615384615
1 0.6346153846153846 0.6502403846153846 0.07211538461538461 0.05048076923076923
1 0.6298076923076923 0.6899038461538461 0.07451923076923077 0.04807692307692308
1 0.625 0.7283653846153846 0.07211538461538461 0.04567307692307692
1 0.6971153846153846 0.6322115384615384 0.06490384615384616 0.04567307692307692
1 0.6935096153846154 0.6706730769230769 0.0673076923076923 0.04567307692307692
1 0.6790865384615384 0.7067307692307693 0.038461538461538464 0.04326923076923077
1 0.7091346153846154 0.7091346153846154 0.036057692307692304 0.04326923076923077
1 0.765625 0.6466346153846154 0.026442307692307692 0.038461538461538464
1 0.7644230769230769 0.6826923076923077 0.02403846153846154 0.038461538461538464
1 0.7536057692307693 0.7175480769230769 0.028846153846153848 0.040865384615384616
1 0.7740384615384616 0.6286057692307693 0.036057692307692304 0.038461538461538464
1 0.7800480769230769 0.6610576923076923 0.016826923076923076 0.028846153846153848
1 0.7932692307692307 0.625 0.04326923076923077 0.038461538461538464
1 0.7800480769230769 0.6911057692307693 0.021634615384615384 0.03125
1 0.8377403846153846 0.6322115384615384 0.057692307692307696 0.040865384615384616
1 0.796875 0.6586538461538461 0.03125 0.036057692307692304
1 0.8341346153846154 0.6646634615384616 0.057692307692307696 0.040865384615384616
1 0.8293269230769231 0.6947115384615384 0.06009615384615385 0.04326923076923077
1 0.7920673076923077 0.6887019230769231 0.028846153846153848 0.036057692307692304
1 0.7980769230769231 0.7235576923076923 0.06490384615384616 0.040865384615384616