1 0.10697115384615384 0.5997596153846154 0.052884615384615384 0.038461538461538464
1 0.10817307692307693 0.6382211538461539 0.05048076923076923 0.038461538461538464
1 0.109375 0.6766826923076923 0.05048076923076923 0.038461538461538464
1 0.11057692307692307 0.7151442307692307 0.05048076923076923 0.038461538461538464
1 0.16826923076923078 0.5985576923076923 0.0673076923076923 0.038461538461538464
1 0.16947115384615385 0.6370192307692307 0.07211538461538461 0.038461538461538464
1 0.15865384615384615 0.6754807692307693 0.04807692307692308 0.038461538461538464
1 0.16105769230769232 0.7151442307692307 0.04807692307692308 0.036057692307692304
1 0.2091346153846154 0.6802884615384616 0.04807692307692308 0.036057692307692304
1 0.2091346153846154 0.7151442307692307 0.05048076923076923 0.036057692307692304
1 0.25961538461538464 0.7151442307692307 0.04807692307692308 0.036057692307692304
1 0.25721153846153844 0.6778846153846154 0.04807692307692308 0.036057692307692304
1 0.23557692307692307 0.609375 0.04807692307692308 0.038461538461538464
1 0.234375 0.5709134615384616 0.04807692307692308 0.036057692307692304
1 0.18629807692307693 0.5709134615384616 0.04326923076923077 0.03365384615384615
1 0.2704326923076923 0.5709134615384616 0.019230769230769232 0.036057692307692304
1 0.2692307692307692 0.6081730769230769 0.019230769230769232 0.04326923076923077
1 0.23317307692307693 0.6454326923076923 0.04807692307692308 0.03365384615384615
1 0.2692307692307692 0.6430288461538461 0.02403846153846154 0.03365384615384615
1 0.3016826923076923 0.5348557692307693 0.05048076923076923 0.036057692307692304
1 0.30288461538461536 0.5685096153846154 0.052884615384615384 0.036057692307692304
1 0.30288461538461536 0.6045673076923077 0.052884615384615384 0.038461538461538464
1 0.30528846153846156 0.640625 0.052884615384615384 0.036057692307692304
1 0.30649038461538464 0.6790865384615384 0.057692307692307696 0.038461538461538464
1 0.3076923076923077 0.7151442307692307 0.057692307692307696 0.036057692307692304
1 0.34975961538461536 0.5300480769230769 0.052884615384615384 0.036057692307692304
1 0.34975961538461536 0.5673076923076923 0.052884615384615384 0.04326923076923077
1 0.35096153846153844 0.6045673076923077 0.057692307692307696 0.04326923076923077
1 0.3545673076923077 0.6394230769230769 0.057692307692307696 0.03365384615384615
1 0.3557692307692308 0.6730769230769231 0.057692307692307696 0.038461538461538464
1 0.35697115384615385 0.7115384615384616 0.052884615384615384 0.038461538461538464
1 0.39783653846153844 0.53125 0.05048076923076923 0.036057692307692304
1 0.4014423076923077 0.5649038461538461 0.052884615384615384 0.04326923076923077
1 0.4014423076923077 0.6045673076923077 0.052884615384615384 0.04326923076923077
1 0.4026442307692308 0.6382211538461539 0.05048076923076923 0.03365384615384615
1 0.4050480769230769 0.6730769230769231 0.05048076923076923 0.04326923076923077
1 0.4074519230769231 0.7103365384615384 0.05048076923076923 0.038461538461538464
1 0.44591346153846156 0.5288461538461539 0.05048076923076923 0.03365384615384615
1 0.44591346153846156 0.5637019230769231 0.05048076923076923 0.038461538461538464
1 0.44711538461538464 0.6021634615384616 0.05048076923076923 0.038461538461538464
1 0.45072115384615385 0.6382211538461539 0.052884615384615384 0.036057692307692304
1 0.4519230769230769 0.6730769230769231 0.057692307692307696 0.04326923076923077
1 0.45552884615384615 0.7103365384615384 0.057692307692307696 0.036057692307692304
1 0.5012019230769231 0.5264423076923077 0.0673076923076923 0.038461538461538464
1 0.5060096153846154 0.5637019230769231 0.07211538461538461 0.038461538461538464
1 0.5060096153846154 0.6033653846153846 0.07451923076923077 0.04326923076923077
1 0.4987980769230769 0.6358173076923077 0.05048076923076923 0.03365384615384615
1 0.5012019230769231 0.671875 0.052884615384615384 0.038461538461538464
1 0.5048076923076923 0.7103365384615384 0.05048076923076923 0.038461538461538464
1 0.5649038461538461 0.5661057692307693 0.05048076923076923 0.03365384615384615
1 0.5564903846153846 0.6021634615384616 0.03365384615384615 0.038461538461538464
1 0.5492788461538461 0.6370192307692307 0.05048076923076923 0.03365384615384615
1 0.5528846153846154 0.6730769230769231 0.05048076923076923 0.038461538461538464
1 0.5540865384615384 0.7103365384615384 0.05048076923076923 0.036057692307692304
1 0.6105769230769231 0.5588942307692307 0.04807692307692308 0.026442307692307692
1 0.6045673076923077 0.5901442307692307 0.0673076923076923 0.036057692307692304
1 0.5985576923076923 0.6286057692307693 0.05048076923076923 0.038461538461538464
1 0.6009615384615384 0.6694711538461539 0.05048076923076923 0.038461538461538464
1 0.6021634615384616 0.7067307692307693 0.05048076923076923 0.038461538461538464
1 0.6670673076923077 0.5637019230769231 0.0673076923076923 0.036057692307692304
1 0.6622596153846154 0.5949519230769231 0.04326923076923077 0.028846153846153848
1 0.65625 0.6274038461538461 0.0673076923076923 0.038461538461538464
1 0.6574519230769231 0.6670673076923077 0.0673076923076923 0.038461538461538464
1 0.6586538461538461 0.7055288461538461 0.0673076923076923 0.036057692307692304
1 0.7151442307692307 0.5997596153846154 0.06009615384615385 0.036057692307692304
1 0.7175480769230769 0.6382211538461539 0.0625 0.036057692307692304
1 0.7091346153846154 0.6766826923076923 0.03365384615384615 0.038461538461538464
1 0.7391826923076923 0.6742788461538461 0.028846153846153848 0.038461538461538464
1 0.7848557692307693 0.6033653846153846 0.019230769230769232 0.036057692307692304
1 0.7896634615384616 0.6394230769230769 0.019230769230769232 0.036057692307692304
1 0.7848557692307693 0.6754807692307693 0.02403846153846154 0.038461538461538464
1 0.7908653846153846 0.5841346153846154 0.028846153846153848 0.03365384615384615
1 0.8016826923076923 0.6153846153846154 0.01201923076923077 0.028846153846153848
1 0.8088942307692307 0.578125 0.038461538461538464 0.03365384615384615
1 0.8064903846153846 0.6454326923076923 0.019230769230769232 0.028846153846153848
1 0.8545673076923077 0.578125 0.052884615384615384 0.03365384615384615
1 0.8185096153846154 0.6105769230769231 0.026442307692307692 0.03365384615384615
1 0.8557692307692307 0.6105769230769231 0.052884615384615384 0.03365384615384615
1 0.8557692307692307 0.640625 0.052884615384615384 0.036057692307692304
1 0.8185096153846154 0.640625 0.02403846153846154 0.03365384615384615
1 0.8293269230769231 0.6742788461538461 0.06009615384615385 0.03365384615384615