1 0.12259615384615384 0.6466346153846154 0.057692307692307696 0.04567307692307692
1 0.12740384615384615 0.6850961538461539 0.055288461538461536 0.04567307692307692
1 0.13341346153846154 0.7235576923076923 0.055288461538461536 0.04326923076923077
1 0.13942307692307693 0.7608173076923077 0.055288461538461536 0.04567307692307692
1 0.18269230769230768 0.6382211538461539 0.06971153846153846 0.04567307692307692
1 0.18870192307692307 0.6766826923076923 0.07692307692307693 0.04807692307692308
1 0.18269230769230768 0.7163461538461539 0.052884615384615384 0.04326923076923077
1 0.18990384615384615 0.7548076923076923 0.052884615384615384 0.040865384615384616
1 0.23317307692307693 0.7139423076923077 0.052884615384615384 0.040865384615384616
1 0.23798076923076922 0.7487980769230769 0.055288461538461536 0.040865384615384616
1 0.28725961538461536 0.7427884615384616 0.052884615384615384 0.040865384615384616
1 0.28125 0.7067307692307693 0.052884615384615384 0.040865384615384616
1 0.2512019230769231 0.640625 0.052884615384615384 0.04567307692307692
1 0.24519230769230768 0.6021634615384616 0.052884615384615384 0.040865384615384616
1 0.1971153846153846 0.6081730769230769 0.04807692307692308 0.038461538461538464
1 0.28125 0.5985576923076923 0.02403846153846154 0.038461538461538464
1 0.28365384615384615 0.6358173076923077 0.026442307692307692 0.04326923076923077
1 0.25240384615384615 0.6766826923076923 0.05048076923076923 0.038461538461538464
1 0.28846153846153844 0.6706730769230769 0.028846153846153848 0.036057692307692304
1 0.3076923076923077 0.5588942307692307 0.055288461538461536 0.040865384615384616
1 0.3125 0.5925480769230769 0.057692307692307696 0.04326923076923077
1 0.3173076923076923 0.6274038461538461 0.057692307692307696 0.04567307692307692
1 0.3233173076923077 0.6634615384615384 0.057692307692307696 0.04326923076923077
1 0.3293269230769231 0.7019230769230769 0.06009615384615385 0.04567307692307692
1 0.33533653846153844 0.7367788461538461 0.06009615384615385 0.04326923076923077
1 0.3545673076923077 0.5480769230769231 0.057692307692307696 0.04326923076923077
1 0.359375 0.5853365384615384 0.057692307692307696 0.04807692307692308
1 0.36538461538461536 0.6213942307692307 0.06009615384615385 0.04807692307692308
1 0.37259615384615385 0.65625 0.06009615384615385 0.040865384615384616
1 0.37740384615384615 0.6899038461538461 0.06009615384615385 0.04567307692307692
1 0.38341346153846156 0.7271634615384616 0.057692307692307696 0.04567307692307692
1 0.4026442307692308 0.5432692307692307 0.055288461538461536 0.040865384615384616
1 0.4098557692307692 0.5769230769230769 0.057692307692307696 0.04807692307692308
1 0.41466346153846156 0.6153846153846154 0.057692307692307696 0.04807692307692308
1 0.4206730769230769 0.6490384615384616 0.055288461538461536 0.038461538461538464
1 0.4266826923076923 0.6838942307692307 0.055288461538461536 0.04807692307692308
1 0.4338942307692308 0.7199519230769231 0.055288461538461536 0.04567307692307692
1 0.4495192307692308 0.5348557692307693 0.055288461538461536 0.038461538461538464
1 0.4543269230769231 0.5697115384615384 0.055288461538461536 0.04567307692307692
1 0.46033653846153844 0.6081730769230769 0.055288461538461536 0.04567307692307692
1 0.4675480769230769 0.6430288461538461 0.057692307692307696 0.04326923076923077
1 0.4735576923076923 0.6778846153846154 0.0625 0.05048076923076923
1 0.48197115384615385 0.7139423076923077 0.06009615384615385 0.04326923076923077
1 0.5048076923076923 0.5264423076923077 0.07211538461538461 0.04567307692307692
1 0.5132211538461539 0.5625 0.07692307692307693 0.04807692307692308
1 0.5180288461538461 0.6021634615384616 0.07932692307692307 0.05048076923076923
1 0.515625 0.6346153846153846 0.052884615384615384 0.038461538461538464
1 0.5216346153846154 0.6706730769230769 0.057692307692307696 0.04567307692307692
1 0.5300480769230769 0.7079326923076923 0.055288461538461536 0.04326923076923077
1 0.5721153846153846 0.5576923076923077 0.055288461538461536 0.038461538461538464
1 0.5685096153846154 0.5949519230769231 0.036057692307692304 0.04326923076923077
1 0.5661057692307693 0.6298076923076923 0.052884615384615384 0.038461538461538464
1 0.5733173076923077 0.6658653846153846 0.055288461538461536 0.04567307692307692
1 0.5793269230769231 0.7019230769230769 0.055288461538461536 0.040865384615384616
1 0.6165865384615384 0.5444711538461539 0.05048076923076923 0.03125
1 0.6141826923076923 0.5769230769230769 0.07211538461538461 0.04326923076923077
1 0.6129807692307693 0.6153846153846154 0.055288461538461536 0.04567307692307692
1 0.6213942307692307 0.65625 0.055288461538461536 0.04567307692307692
1 0.6262019230769231 0.6923076923076923 0.055288461538461536 0.04326923076923077
1 0.6730769230769231 0.5432692307692307 0.06971153846153846 0.04326923076923077
1 0.6730769230769231 0.5745192307692307 0.04807692307692308 0.03365384615384615
1 0.6706730769230769 0.6069711538461539 0.06971153846153846 0.04807692307692308
1 0.6766826923076923 0.6466346153846154 0.07211538461538461 0.04567307692307692
1 0.6826923076923077 0.6850961538461539 0.06971153846153846 0.04326923076923077
1 0.7259615384615384 0.5733173076923077 0.06490384615384616 0.04326923076923077
1 0.7331730769230769 0.6105769230769231 0.0673076923076923 0.04326923076923077
1 0.7295673076923077 0.6502403846153846 0.036057692307692304 0.04326923076923077
1 0.7584134615384616 0.6442307692307693 0.03365384615384615 0.040865384615384616
1 0.7956730769230769 0.5673076923076923 0.02403846153846154 0.038461538461538464
1 0.8040865384615384 0.6033653846153846 0.021634615384615384 0.038461538461538464
1 0.8040865384615384 0.6394230769230769 0.028846153846153848 0.040865384615384616
1 0.7992788461538461 0.5480769230769231 0.03365384615384615 0.036057692307692304
1 0.8137019230769231 0.578125 0.014423076923076924 0.028846153846153848
1 0.8161057692307693 0.5396634615384616 0.04326923076923077 0.038461538461538464
1 0.8221153846153846 0.6069711538461539 0.021634615384615384 0.028846153846153848
1 0.8617788461538461 0.5348557692307693 0.057692307692307696 0.040865384615384616
1 0.8293269230769231 0.5709134615384616 0.03125 0.036057692307692304
1 0.8665865384615384 0.5661057692307693 0.057692307692307696 0.040865384615384616
1 0.8701923076923077 0.5961538461538461 0.057692307692307696 0.04326923076923077
1 0.8329326923076923 0.6009615384615384 0.028846153846153848 0.036057692307692304
1 0.8485576923076923 0.6334134615384616 0.0625 0.038461538461538464