1 0.22956730769230768 0.265625 0.45913461538461536 0.47836538461538464
1 0.2403846153846154 0.5336538461538461 0.46875 0.4110576923076923
1 0.27524038461538464 0.8197115384615384 0.49759615384615385 0.3605769230769231
1 0.7055288461538461 0.7944711538461539 0.4014423076923077 0.34615384615384615
1 0.5877403846153846 0.5625 0.28846153846153844 0.28365384615384615
1 0.5661057692307693 0.3641826923076923 0.2860576923076923 0.34134615384615385
1 0.7980769230769231 0.49399038461538464 0.21875 0.20432692307692307
1 0.7956730769230769 0.5925480769230769 0.20673076923076922 0.24278846153846154
1 0.9447115384615384 0.7620192307692307 0.11057692307692307 0.19230769230769232
1 0.9615384615384616 0.6274038461538461 0.07692307692307693 0.14903846153846154
1 0.9507211538461539 0.49158653846153844 0.0985576923076923 0.1658653846153846