1 0.14543269230769232 0.37259615384615385 0.03125 0.02403846153846154
1 0.14182692307692307 0.38461538461538464 0.03125 0.021634615384615384
1 0.13822115384615385 0.40024038461538464 0.028846153846153848 0.019230769230769232
1 0.17307692307692307 0.3737980769230769 0.03125 0.02403846153846154
1 0.17067307692307693 0.3894230769230769 0.03365384615384615 0.02403846153846154
1 0.1658653846153846 0.40384615384615385 0.03365384615384615 0.02403846153846154
1 0.19951923076923078 0.375 0.03125 0.026442307692307692
1 0.19591346153846154 0.3942307692307692 0.028846153846153848 0.021634615384615384
1 0.1935096153846154 0.40865384615384615 0.028846153846153848 0.019230769230769232
1 0.2403846153846154 0.375 0.05048076923076923 0.026442307692307692
1 0.23677884615384615 0.3870192307692308 0.052884615384615384 0.026442307692307692
1 0.23317307692307693 0.4026442307692308 0.055288461538461536 0.026442307692307692
1 0.22956730769230768 0.4182692307692308 0.055288461538461536 0.026442307692307692
1 0.28966346153846156 0.38461538461538464 0.052884615384615384 0.02403846153846154
1 0.28725961538461536 0.39783653846153844 0.052884615384615384 0.026442307692307692
1 0.2860576923076923 0.41346153846153844 0.052884615384615384 0.02403846153846154
1 0.28125 0.42788461538461536 0.055288461538461536 0.03125
1 0.3401442307692308 0.375 0.055288461538461536 0.026442307692307692
1 0.33774038461538464 0.390625 0.055288461538461536 0.026442307692307692
1 0.33774038461538464 0.4050480769230769 0.05048076923076923 0.026442307692307692
1 0.33533653846153844 0.421875 0.05048076923076923 0.03125
1 0.3317307692307692 0.4375 0.052884615384615384 0.026442307692307692
1 0.38341346153846156 0.38341346153846156 0.038461538461538464 0.028846153846153848
1 0.3798076923076923 0.4014423076923077 0.038461538461538464 0.028846153846153848
1 0.3762019230769231 0.4170673076923077 0.036057692307692304 0.02403846153846154
1 0.375 0.43028846153846156 0.036057692307692304 0.021634615384615384
1 0.38461538461538464 0.44591346153846156 0.036057692307692304 0.02403846153846154
1 0.43990384615384615 0.39302884615384615 0.055288461538461536 0.03365384615384615
1 0.4375 0.40865384615384615 0.055288461538461536 0.026442307692307692
1 0.4338942307692308 0.42427884615384615 0.055288461538461536 0.03125
1 0.43028846153846156 0.43990384615384615 0.055288461538461536 0.026442307692307692
1 0.42908653846153844 0.4567307692307692 0.055288461538461536 0.03125
1 0.4795673076923077 0.4014423076923077 0.036057692307692304 0.02403846153846154
1 0.47716346153846156 0.4170673076923077 0.036057692307692304 0.02403846153846154
1 0.4735576923076923 0.4338942307692308 0.036057692307692304 0.02403846153846154
1 0.47115384615384615 0.4495192307692308 0.03365384615384615 0.021634615384615384
1 0.46875 0.4651442307692308 0.036057692307692304 0.02403846153846154
1 0.5348557692307693 0.4266826923076923 0.052884615384615384 0.02403846153846154
1 0.53125 0.44350961538461536 0.055288461538461536 0.026442307692307692
1 0.5288461538461539 0.45913461538461536 0.052884615384615384 0.021634615384615384
1 0.5252403846153846 0.47716346153846156 0.05048076923076923 0.02403846153846154
1 0.5865384615384616 0.421875 0.05048076923076923 0.026442307692307692
1 0.5829326923076923 0.4375 0.05048076923076923 0.026442307692307692
1 0.5805288461538461 0.453125 0.052884615384615384 0.02403846153846154
1 0.5769230769230769 0.46875 0.05048076923076923 0.026442307692307692
1 0.5745192307692307 0.4855769230769231 0.04807692307692308 0.026442307692307692
1 0.6298076923076923 0.44591346153846156 0.04807692307692308 0.026442307692307692
1 0.6262019230769231 0.46153846153846156 0.04807692307692308 0.026442307692307692
1 0.6225961538461539 0.47836538461538464 0.04807692307692308 0.026442307692307692
1 0.6225961538461539 0.4951923076923077 0.04807692307692308 0.02403846153846154
1 0.6814903846153846 0.4411057692307692 0.04807692307692308 0.026442307692307692
1 0.6790865384615384 0.4567307692307692 0.04807692307692308 0.02403846153846154
1 0.6754807692307693 0.47115384615384615 0.04807692307692308 0.026442307692307692
1 0.6730769230769231 0.48677884615384615 0.04807692307692308 0.02403846153846154
1 0.6682692307692307 0.5036057692307693 0.04807692307692308 0.026442307692307692
1 0.7163461538461539 0.4963942307692308 0.04807692307692308 0.026442307692307692
1 0.7115384615384616 0.4795673076923077 0.03125 0.016826923076923076
1 0.7127403846153846 0.5120192307692307 0.04807692307692308 0.02403846153846154
1 0.8365384615384616 0.4735576923076923 0.04807692307692308 0.02403846153846154
1 0.8341346153846154 0.4879807692307692 0.04807692307692308 0.026442307692307692
1 0.8317307692307693 0.5036057692307693 0.04807692307692308 0.02403846153846154
1 0.8269230769230769 0.5180288461538461 0.05048076923076923 0.03125
1 0.8245192307692307 0.5336538461538461 0.04807692307692308 0.028846153846153848
1 0.8834134615384616 0.4831730769230769 0.04807692307692308 0.026442307692307692
1 0.8798076923076923 0.4963942307692308 0.04807692307692308 0.026442307692307692
1 0.8762019230769231 0.5144230769230769 0.04807692307692308 0.026442307692307692
1 0.8737980769230769 0.53125 0.04807692307692308 0.026442307692307692
1 0.8713942307692307 0.5456730769230769 0.04326923076923077 0.02403846153846154
1 0.9290865384615384 0.49278846153846156 0.04326923076923077 0.02403846153846154
1 0.9242788461538461 0.5084134615384616 0.04567307692307692 0.026442307692307692
1 0.9230769230769231 0.5228365384615384 0.04326923076923077 0.02403846153846154
1 0.9194711538461539 0.5372596153846154 0.04567307692307692 0.026442307692307692
1 0.9170673076923077 0.5528846153846154 0.04807692307692308 0.028846153846153848
1 0.9663461538461539 0.5048076923076923 0.040865384615384616 0.02403846153846154
1 0.9639423076923077 0.5168269230769231 0.040865384615384616 0.021634615384615384
1 0.9615384615384616 0.5324519230769231 0.040865384615384616 0.02403846153846154
1 0.9579326923076923 0.5480769230769231 0.040865384615384616 0.02403846153846154
1 0.9567307692307693 0.5612980769230769 0.04326923076923077 0.026442307692307692