1 0.14302884615384615 0.3786057692307692 0.03125 0.021634615384615384
1 0.13942307692307693 0.3918269230769231 0.028846153846153848 0.019230769230769232
1 0.13701923076923078 0.40625 0.028846153846153848 0.019230769230769232
1 0.17067307692307693 0.3798076923076923 0.03125 0.021634615384615384
1 0.16826923076923078 0.3954326923076923 0.03365384615384615 0.02403846153846154
1 0.16466346153846154 0.40865384615384615 0.03365384615384615 0.02403846153846154
1 0.1971153846153846 0.38100961538461536 0.028846153846153848 0.026442307692307692
1 0.19471153846153846 0.40024038461538464 0.028846153846153848 0.021634615384615384
1 0.19230769230769232 0.41346153846153844 0.028846153846153848 0.019230769230769232
1 0.23798076923076922 0.3798076923076923 0.05048076923076923 0.026442307692307692
1 0.234375 0.3918269230769231 0.052884615384615384 0.026442307692307692
1 0.23197115384615385 0.4074519230769231 0.052884615384615384 0.026442307692307692
1 0.2283653846153846 0.4230769230769231 0.052884615384615384 0.026442307692307692
1 0.28725961538461536 0.38822115384615385 0.052884615384615384 0.02403846153846154
1 0.2860576923076923 0.4014423076923077 0.052884615384615384 0.026442307692307692
1 0.28365384615384615 0.4170673076923077 0.052884615384615384 0.02403846153846154
1 0.2800480769230769 0.43149038461538464 0.055288461538461536 0.03125
1 0.3389423076923077 0.37740384615384615 0.052884615384615384 0.026442307692307692
1 0.33533653846153844 0.39302884615384615 0.052884615384615384 0.026442307692307692
1 0.33533653846153844 0.4074519230769231 0.05048076923076923 0.026442307692307692
1 0.33413461538461536 0.42427884615384615 0.05048076923076923 0.028846153846153848
1 0.33052884615384615 0.4411057692307692 0.052884615384615384 0.026442307692307692
1 0.38100961538461536 0.38461538461538464 0.038461538461538464 0.026442307692307692
1 0.37740384615384615 0.40384615384615385 0.038461538461538464 0.026442307692307692
1 0.375 0.41947115384615385 0.036057692307692304 0.02403846153846154
1 0.3737980769230769 0.4326923076923077 0.036057692307692304 0.021634615384615384
1 0.38341346153846156 0.4483173076923077 0.036057692307692304 0.02403846153846154
1 0.4387019230769231 0.3942307692307692 0.055288461538461536 0.03365384615384615
1 0.43509615384615385 0.4098557692307692 0.052884615384615384 0.026442307692307692
1 0.4326923076923077 0.4254807692307692 0.055288461538461536 0.03125
1 0.43028846153846156 0.4411057692307692 0.052884615384615384 0.026442307692307692
1 0.42788461538461536 0.4579326923076923 0.055288461538461536 0.03125
1 0.47836538461538464 0.4026442307692308 0.036057692307692304 0.02403846153846154
1 0.47596153846153844 0.4170673076923077 0.036057692307692304 0.02403846153846154
1 0.4723557692307692 0.4338942307692308 0.036057692307692304 0.02403846153846154
1 0.4699519230769231 0.4495192307692308 0.03365384615384615 0.021634615384615384
1 0.46875 0.4651442307692308 0.036057692307692304 0.02403846153846154
1 0.5336538461538461 0.4266826923076923 0.052884615384615384 0.02403846153846154
1 0.53125 0.44350961538461536 0.052884615384615384 0.026442307692307692
1 0.5276442307692307 0.45913461538461536 0.052884615384615384 0.021634615384615384
1 0.5252403846153846 0.47596153846153844 0.05048076923076923 0.02403846153846154
1 0.5853365384615384 0.41947115384615385 0.05048076923076923 0.026442307692307692
1 0.5817307692307693 0.4362980769230769 0.05048076923076923 0.026442307692307692
1 0.5793269230769231 0.4519230769230769 0.052884615384615384 0.02403846153846154
1 0.5769230769230769 0.4675480769230769 0.05048076923076923 0.026442307692307692
1 0.5733173076923077 0.4831730769230769 0.04807692307692308 0.026442307692307692
1 0.6286057692307693 0.44350961538461536 0.04807692307692308 0.026442307692307692
1 0.625 0.46033653846153844 0.04807692307692308 0.026442307692307692
1 0.6225961538461539 0.47596153846153844 0.04807692307692308 0.026442307692307692
1 0.6213942307692307 0.49399038461538464 0.04807692307692308 0.02403846153846154
1 0.6802884615384616 0.4375 0.04807692307692308 0.026442307692307692
1 0.6778846153846154 0.453125 0.04807692307692308 0.02403846153846154
1 0.6754807692307693 0.46875 0.04807692307692308 0.026442307692307692
1 0.671875 0.484375 0.04807692307692308 0.02403846153846154
1 0.6682692307692307 0.5 0.04807692307692308 0.026442307692307692
1 0.7163461538461539 0.49278846153846156 0.04807692307692308 0.026442307692307692
1 0.7115384615384616 0.47596153846153844 0.03125 0.016826923076923076
1 0.7127403846153846 0.5084134615384616 0.04807692307692308 0.02403846153846154
1 0.8365384615384616 0.4675480769230769 0.04807692307692308 0.02403846153846154
1 0.8341346153846154 0.48197115384615385 0.04807692307692308 0.026442307692307692
1 0.8317307692307693 0.49759615384615385 0.04807692307692308 0.02403846153846154
1 0.8269230769230769 0.5120192307692307 0.05048076923076923 0.028846153846153848
1 0.8245192307692307 0.5276442307692307 0.04807692307692308 0.028846153846153848
1 0.8822115384615384 0.47596153846153844 0.04807692307692308 0.026442307692307692
1 0.8798076923076923 0.49038461538461536 0.04807692307692308 0.026442307692307692
1 0.8774038461538461 0.5084134615384616 0.04807692307692308 0.026442307692307692
1 0.8737980769230769 0.5240384615384616 0.04807692307692308 0.026442307692307692
1 0.8725961538461539 0.5384615384615384 0.04326923076923077 0.021634615384615384
1 0.9290865384615384 0.4855769230769231 0.04326923076923077 0.021634615384615384
1 0.9242788461538461 0.5 0.04567307692307692 0.02403846153846154
1 0.9230769230769231 0.515625 0.04326923076923077 0.021634615384615384
1 0.9206730769230769 0.5300480769230769 0.04567307692307692 0.02403846153846154
1 0.9182692307692307 0.5456730769230769 0.04807692307692308 0.028846153846153848
1 0.9663461538461539 0.4963942307692308 0.040865384615384616 0.021634615384615384
1 0.9651442307692307 0.5084134615384616 0.040865384615384616 0.021634615384615384
1 0.9615384615384616 0.5240384615384616 0.040865384615384616 0.021634615384615384
1 0.9591346153846154 0.5396634615384616 0.040865384615384616 0.021634615384615384
1 0.9579326923076923 0.5540865384615384 0.04326923076923077 0.02403846153846154