1 0.234375 0.43028846153846156 0.04326923076923077 0.026442307692307692
1 0.23677884615384615 0.4519230769230769 0.04326923076923077 0.026442307692307692
1 0.23076923076923078 0.4723557692307692 0.028846153846153848 0.026442307692307692
1 0.23317307692307693 0.49158653846153844 0.028846153846153848 0.02403846153846154
1 0.25961538461538464 0.4266826923076923 0.016826923076923076 0.019230769230769232
1 0.25961538461538464 0.47115384615384615 0.028846153846153848 0.026442307692307692
1 0.32091346153846156 0.4423076923076923 0.036057692307692304 0.02403846153846154
1 0.32091346153846156 0.46274038461538464 0.028846153846153848 0.028846153846153848
1 0.32211538461538464 0.484375 0.03125 0.028846153846153848
1 0.3004807692307692 0.4206730769230769 0.040865384615384616 0.026442307692307692
1 0.3641826923076923 0.41586538461538464 0.04567307692307692 0.026442307692307692
1 0.3918269230769231 0.41225961538461536 0.016826923076923076 0.02403846153846154
1 0.4050480769230769 0.4110576923076923 0.016826923076923076 0.021634615384615384
1 0.4206730769230769 0.40865384615384615 0.019230769230769232 0.02403846153846154
1 0.3581730769230769 0.4387019230769231 0.040865384615384616 0.02403846153846154
1 0.3557692307692308 0.46153846153846156 0.03125 0.02403846153846154
1 0.3557692307692308 0.4831730769230769 0.03125 0.026442307692307692
1 0.41947115384615385 0.4338942307692308 0.040865384615384616 0.02403846153846154
1 0.39903846153846156 0.45913461538461536 0.028846153846153848 0.021634615384615384
1 0.4014423076923077 0.4807692307692308 0.03125 0.026442307692307692
1 0.45913461538461536 0.4110576923076923 0.04567307692307692 0.026442307692307692
1 0.4567307692307692 0.4338942307692308 0.038461538461538464 0.026442307692307692
1 0.4567307692307692 0.45552884615384615 0.03365384615384615 0.02403846153846154
1 0.4567307692307692 0.47716346153846156 0.03125 0.02403846153846154
1 0.4963942307692308 0.42908653846153844 0.04807692307692308 0.028846153846153848
1 0.49158653846153844 0.45072115384615385 0.03365384615384615 0.026442307692307692
1 0.49399038461538464 0.47475961538461536 0.036057692307692304 0.026442307692307692
1 0.5300480769230769 0.4050480769230769 0.036057692307692304 0.02403846153846154
1 0.5697115384615384 0.4014423076923077 0.04807692307692308 0.028846153846153848
1 0.5396634615384616 0.43149038461538464 0.03125 0.02403846153846154
1 0.5372596153846154 0.4519230769230769 0.016826923076923076 0.021634615384615384
1 0.6021634615384616 0.39663461538461536 0.016826923076923076 0.026442307692307692
1 0.6165865384615384 0.3954326923076923 0.016826923076923076 0.026442307692307692
1 0.6322115384615384 0.39302884615384615 0.016826923076923076 0.026442307692307692
1 0.6478365384615384 0.3918269230769231 0.016826923076923076 0.026442307692307692
1 0.6021634615384616 0.4206730769230769 0.04807692307692308 0.03125
1 0.5961538461538461 0.44471153846153844 0.036057692307692304 0.026442307692307692
1 0.5985576923076923 0.46634615384615385 0.03365384615384615 0.026442307692307692
1 0.5997596153846154 0.4879807692307692 0.03365384615384615 0.028846153846153848
1 0.6382211538461539 0.4879807692307692 0.036057692307692304 0.028846153846153848
1 0.6358173076923077 0.4651442307692308 0.03365384615384615 0.021634615384615384
1 0.6334134615384616 0.4423076923076923 0.03365384615384615 0.02403846153846154
1 0.6334134615384616 0.421875 0.038461538461538464 0.021634615384615384