1 0.2644230769230769 0.359375 0.04567307692307692 0.03125
1 0.25961538461538464 0.38100961538461536 0.04567307692307692 0.03125
1 0.24879807692307693 0.40024038461538464 0.03125 0.028846153846153848
1 0.24519230769230768 0.4182692307692308 0.03125 0.026442307692307692
1 0.28846153846153844 0.3629807692307692 0.016826923076923076 0.021634615384615384
1 0.2764423076923077 0.40625 0.03125 0.028846153846153848
1 0.34375 0.3954326923076923 0.036057692307692304 0.028846153846153848
1 0.33774038461538464 0.41466346153846156 0.03125 0.03125
1 0.33413461538461536 0.4362980769230769 0.03365384615384615 0.03125
1 0.3293269230769231 0.36899038461538464 0.04326923076923077 0.03125
1 0.39302884615384615 0.38100961538461536 0.04807692307692308 0.028846153846153848
1 0.4206730769230769 0.3858173076923077 0.019230769230769232 0.02403846153846154
1 0.4338942307692308 0.38822115384615385 0.019230769230769232 0.02403846153846154
1 0.4495192307692308 0.390625 0.021634615384615384 0.02403846153846154
1 0.38100961538461536 0.4026442307692308 0.04326923076923077 0.028846153846153848
1 0.3713942307692308 0.4230769230769231 0.03365384615384615 0.026442307692307692
1 0.36658653846153844 0.44471153846153844 0.03365384615384615 0.028846153846153848
1 0.4411057692307692 0.41346153846153844 0.040865384615384616 0.028846153846153848
1 0.41346153846153844 0.4326923076923077 0.028846153846153848 0.02403846153846154
1 0.4110576923076923 0.4543269230769231 0.03365384615384615 0.028846153846153848
1 0.4855769230769231 0.4026442307692308 0.04807692307692308 0.028846153846153848
1 0.47716346153846156 0.42427884615384615 0.040865384615384616 0.03125
1 0.4699519230769231 0.44471153846153844 0.036057692307692304 0.026442307692307692
1 0.4651442307692308 0.46634615384615385 0.03365384615384615 0.026442307692307692
1 0.515625 0.43028846153846156 0.05048076923076923 0.03125
1 0.5060096153846154 0.45072115384615385 0.036057692307692304 0.028846153846153848
1 0.5012019230769231 0.47475961538461536 0.038461538461538464 0.028846153846153848
1 0.5552884615384616 0.4170673076923077 0.036057692307692304 0.028846153846153848
1 0.59375 0.42427884615384615 0.05048076923076923 0.03125
1 0.5576923076923077 0.44471153846153844 0.03365384615384615 0.026442307692307692
1 0.5480769230769231 0.4639423076923077 0.019230769230769232 0.021634615384615384
1 0.6262019230769231 0.42908653846153844 0.019230769230769232 0.026442307692307692
1 0.640625 0.43149038461538464 0.019230769230769232 0.026442307692307692
1 0.65625 0.4338942307692308 0.019230769230769232 0.026442307692307692
1 0.671875 0.4362980769230769 0.019230769230769232 0.026442307692307692
1 0.6189903846153846 0.4519230769230769 0.05048076923076923 0.03365384615384615
1 0.6081730769230769 0.4735576923076923 0.038461538461538464 0.028846153846153848
1 0.6033653846153846 0.49399038461538464 0.036057692307692304 0.028846153846153848
1 0.5997596153846154 0.515625 0.036057692307692304 0.03125
1 0.6358173076923077 0.5264423076923077 0.038461538461538464 0.03125
1 0.640625 0.5036057692307693 0.036057692307692304 0.02403846153846154
1 0.6442307692307693 0.48197115384615385 0.036057692307692304 0.026442307692307692
1 0.6490384615384616 0.46153846153846156 0.038461538461538464 0.026442307692307692