1 0.23798076923076922 0.4170673076923077 0.04326923076923077 0.026442307692307692
1 0.23918269230769232 0.4387019230769231 0.04326923076923077 0.026442307692307692
1 0.23317307692307693 0.45913461538461536 0.028846153846153848 0.02403846153846154
1 0.23317307692307693 0.47836538461538464 0.026442307692307692 0.021634615384615384
1 0.26322115384615385 0.41466346153846156 0.014423076923076924 0.019230769230769232
1 0.2620192307692308 0.45913461538461536 0.028846153846153848 0.02403846153846154
1 0.3245192307692308 0.4326923076923077 0.03365384615384615 0.021634615384615384
1 0.3233173076923077 0.453125 0.028846153846153848 0.026442307692307692
1 0.3233173076923077 0.47475961538461536 0.03125 0.026442307692307692
1 0.30408653846153844 0.4110576923076923 0.040865384615384616 0.026442307692307692
1 0.36899038461538464 0.40865384615384615 0.04567307692307692 0.02403846153846154
1 0.39663461538461536 0.40625 0.016826923076923076 0.021634615384615384
1 0.4098557692307692 0.40625 0.014423076923076924 0.021634615384615384
1 0.4254807692307692 0.4050480769230769 0.019230769230769232 0.021634615384615384
1 0.36177884615384615 0.43149038461538464 0.040865384615384616 0.02403846153846154
1 0.3581730769230769 0.4543269230769231 0.03125 0.021634615384615384
1 0.35697115384615385 0.47596153846153844 0.03125 0.02403846153846154
1 0.4230769230769231 0.42908653846153844 0.038461538461538464 0.02403846153846154
1 0.4014423076923077 0.4543269230769231 0.026442307692307692 0.019230769230769232
1 0.4026442307692308 0.47596153846153844 0.03125 0.02403846153846154
1 0.4639423076923077 0.40865384615384615 0.04567307692307692 0.02403846153846154
1 0.46033653846153844 0.43149038461538464 0.036057692307692304 0.026442307692307692
1 0.45913461538461536 0.453125 0.03365384615384615 0.021634615384615384
1 0.4579326923076923 0.47475961538461536 0.03125 0.021634615384615384
1 0.5 0.42908653846153844 0.04567307692307692 0.026442307692307692
1 0.4951923076923077 0.45072115384615385 0.03365384615384615 0.02403846153846154
1 0.4951923076923077 0.47475961538461536 0.03365384615384615 0.02403846153846154
1 0.5348557692307693 0.40625 0.03365384615384615 0.021634615384615384
1 0.5745192307692307 0.4050480769230769 0.04567307692307692 0.026442307692307692
1 0.5432692307692307 0.4338942307692308 0.03125 0.021634615384615384
1 0.5396634615384616 0.4543269230769231 0.016826923076923076 0.019230769230769232
1 0.6069711538461539 0.4026442307692308 0.016826923076923076 0.02403846153846154
1 0.6213942307692307 0.4014423076923077 0.016826923076923076 0.02403846153846154
1 0.6370192307692307 0.40024038461538464 0.016826923076923076 0.02403846153846154
1 0.6526442307692307 0.40024038461538464 0.016826923076923076 0.02403846153846154
1 0.6057692307692307 0.4266826923076923 0.04567307692307692 0.028846153846153848
1 0.5997596153846154 0.4495192307692308 0.03365384615384615 0.02403846153846154
1 0.5997596153846154 0.47115384615384615 0.03365384615384615 0.02403846153846154
1 0.6009615384615384 0.49278846153846156 0.03365384615384615 0.026442307692307692
1 0.6382211538461539 0.4951923076923077 0.03365384615384615 0.026442307692307692
1 0.6370192307692307 0.4723557692307692 0.03365384615384615 0.019230769230769232
1 0.6370192307692307 0.4495192307692308 0.03365384615384615 0.021634615384615384
1 0.6370192307692307 0.42908653846153844 0.036057692307692304 0.021634615384615384