1 0.8185096153846154 0.33413461538461536 0.3173076923076923 0.2692307692307692
1 0.43509615384615385 0.4026442307692308 0.2548076923076923 0.21875
1 0.4723557692307692 0.5949519230769231 0.1778846153846154 0.15144230769230768
1 0.3557692307692308 0.578125 0.09375 0.1346153846153846
1 0.453125 0.7079326923076923 0.1778846153846154 0.1466346153846154
1 0.5817307692307693 0.6177884615384616 0.0985576923076923 0.12980769230769232
1 0.5673076923076923 0.7211538461538461 0.0889423076923077 0.12259615384615384
1 0.6358173076923077 0.546875 0.1346153846153846 0.12980769230769232
1 0.6490384615384616 0.640625 0.07692307692307693 0.10096153846153846
1 0.6382211538461539 0.734375 0.07932692307692307 0.10817307692307693
1 0.7043269230769231 0.6586538461538461 0.07692307692307693 0.09615384615384616