1 0.8269230769230769 0.35096153846153844 0.3269230769230769 0.28125
1 0.43990384615384615 0.39903846153846156 0.2644230769230769 0.2283653846153846
1 0.4675480769230769 0.5925480769230769 0.18509615384615385 0.15865384615384615
1 0.35216346153846156 0.5709134615384616 0.10096153846153846 0.13701923076923078
1 0.4423076923076923 0.7055288461538461 0.18269230769230768 0.15384615384615385
1 0.5757211538461539 0.6225961538461539 0.10336538461538461 0.13221153846153846
1 0.5552884615384616 0.7235576923076923 0.09375 0.125
1 0.6322115384615384 0.5540865384615384 0.13942307692307693 0.1346153846153846
1 0.6418269230769231 0.6490384615384616 0.08173076923076923 0.10336538461538461
1 0.6262019230769231 0.7415865384615384 0.08173076923076923 0.11057692307692307
1 0.6959134615384616 0.6694711538461539 0.07932692307692307 0.0985576923076923