1 0.7463942307692307 0.23918269230769232 0.3269230769230769 0.28125
1 0.40625 0.42908653846153844 0.2644230769230769 0.2283653846153846
1 0.5048076923076923 0.5985576923076923 0.18509615384615385 0.15865384615384615
1 0.38822115384615385 0.6213942307692307 0.10096153846153846 0.13701923076923078
1 0.5228365384615384 0.7127403846153846 0.18269230769230768 0.15384615384615385
1 0.6153846153846154 0.5853365384615384 0.10336538461538461 0.13221153846153846
1 0.6358173076923077 0.6862980769230769 0.09375 0.125
1 0.6430288461538461 0.5 0.13942307692307693 0.1346153846153846
1 0.6862980769230769 0.5853365384615384 0.08173076923076923 0.10336538461538461
1 0.7067307692307693 0.6766826923076923 0.08173076923076923 0.11057692307692307
1 0.7451923076923077 0.5829326923076923 0.07932692307692307 0.0985576923076923