1 0.030048076923076924 0.4110576923076923 0.03125 0.036057692307692304
1 0.05048076923076923 0.4170673076923077 0.03125 0.038461538461538464
1 0.0733173076923077 0.4206730769230769 0.03125 0.036057692307692304
1 0.09495192307692307 0.42788461538461536 0.03125 0.038461538461538464
1 0.11658653846153846 0.43149038461538464 0.028846153846153848 0.036057692307692304
1 0.13822115384615385 0.4362980769230769 0.028846153846153848 0.036057692307692304
1 0.16105769230769232 0.4411057692307692 0.03125 0.036057692307692304
1 0.1814903846153846 0.44591346153846156 0.026442307692307692 0.03365384615384615
1 0.203125 0.4519230769230769 0.028846153846153848 0.03365384615384615
1 0.22596153846153846 0.4567307692307692 0.03125 0.036057692307692304
1 0.24759615384615385 0.46153846153846156 0.028846153846153848 0.036057692307692304
1 0.27403846153846156 0.4675480769230769 0.04567307692307692 0.040865384615384616
1 0.013221153846153846 0.4387019230769231 0.026442307692307692 0.036057692307692304
1 0.009615384615384616 0.4699519230769231 0.019230769230769232 0.036057692307692304
1 0.006009615384615385 0.49759615384615385 0.01201923076923077 0.028846153846153848
1 0.028846153846153848 0.44350961538461536 0.016826923076923076 0.03125
1 0.021634615384615384 0.47475961538461536 0.016826923076923076 0.03365384615384615
1 0.013221153846153846 0.5012019230769231 0.019230769230769232 0.028846153846153848
1 0.04447115384615385 0.44711538461538464 0.028846153846153848 0.036057692307692304
1 0.036057692307692304 0.47716346153846156 0.028846153846153848 0.036057692307692304
1 0.03125 0.5060096153846154 0.026442307692307692 0.03365384615384615
1 0.06610576923076923 0.45072115384615385 0.03125 0.036057692307692304
1 0.05889423076923077 0.48197115384615385 0.03125 0.038461538461538464
1 0.052884615384615384 0.5096153846153846 0.03125 0.03365384615384615
1 0.0889423076923077 0.45552884615384615 0.03125 0.036057692307692304
1 0.07932692307692307 0.48677884615384615 0.028846153846153848 0.036057692307692304
1 0.0733173076923077 0.5144230769230769 0.026442307692307692 0.03365384615384615
1 0.109375 0.46153846153846156 0.03125 0.036057692307692304
1 0.10216346153846154 0.49158653846153844 0.03365384615384615 0.040865384615384616
1 0.09615384615384616 0.5204326923076923 0.03125 0.03365384615384615
1 0.12980769230769232 0.46634615384615385 0.03125 0.038461538461538464
1 0.12379807692307693 0.4963942307692308 0.03125 0.038461538461538464
1 0.11778846153846154 0.5264423076923077 0.028846153846153848 0.03365384615384615
1 0.15264423076923078 0.4699519230769231 0.03365384615384615 0.040865384615384616
1 0.14543269230769232 0.5024038461538461 0.03125 0.038461538461538464
1 0.13942307692307693 0.53125 0.028846153846153848 0.03125
1 0.17427884615384615 0.47475961538461536 0.03125 0.040865384615384616
1 0.16706730769230768 0.5084134615384616 0.028846153846153848 0.038461538461538464
1 0.15985576923076922 0.5360576923076923 0.028846153846153848 0.03365384615384615
1 0.19591346153846154 0.48197115384615385 0.03125 0.038461538461538464
1 0.18870192307692307 0.5132211538461539 0.03125 0.038461538461538464
1 0.18269230769230768 0.5396634615384616 0.028846153846153848 0.03365384615384615
1 0.21875 0.4879807692307692 0.03125 0.036057692307692304
1 0.21153846153846154 0.5180288461538461 0.03125 0.040865384615384616
1 0.20552884615384615 0.5456730769230769 0.028846153846153848 0.03125
1 0.2403846153846154 0.49158653846153844 0.03125 0.038461538461538464
1 0.234375 0.5228365384615384 0.03125 0.038461538461538464
1 0.22716346153846154 0.5504807692307693 0.026442307692307692 0.03365384615384615
1 0.2620192307692308 0.4963942307692308 0.03125 0.036057692307692304
1 0.2536057692307692 0.5288461538461539 0.03365384615384615 0.038461538461538464
1 0.24759615384615385 0.5552884615384616 0.028846153846153848 0.03365384615384615
1 0.29086538461538464 0.5024038461538461 0.040865384615384616 0.038461538461538464
1 0.2764423076923077 0.5336538461538461 0.03125 0.038461538461538464
1 0.2704326923076923 0.5600961538461539 0.028846153846153848 0.03365384615384615
1 0.30528846153846156 0.5384615384615384 0.04326923076923077 0.04326923076923077
1 0.2980769230769231 0.5685096153846154 0.04326923076923077 0.040865384615384616
1 0.30649038461538464 0.47836538461538464 0.026442307692307692 0.03125
1 0.3245192307692308 0.484375 0.026442307692307692 0.03365384615384615
1 0.31971153846153844 0.5120192307692307 0.026442307692307692 0.03365384615384615
1 0.3449519230769231 0.4891826923076923 0.026442307692307692 0.036057692307692304
1 0.3401442307692308 0.515625 0.02403846153846154 0.03125
1 0.3329326923076923 0.5444711538461539 0.02403846153846154 0.03125
1 0.3269230769230769 0.5733173076923077 0.026442307692307692 0.036057692307692304
1 0.3641826923076923 0.49399038461538464 0.026442307692307692 0.03365384615384615
1 0.359375 0.5204326923076923 0.03365384615384615 0.038461538461538464
1 0.35216346153846156 0.5480769230769231 0.03125 0.036057692307692304
1 0.34375 0.5757211538461539 0.028846153846153848 0.038461538461538464
1 0.3894230769230769 0.5204326923076923 0.04567307692307692 0.057692307692307696
1 0.3786057692307692 0.5673076923076923 0.05048076923076923 0.06009615384615385
1 0.4338942307692308 0.4831730769230769 0.04567307692307692 0.055288461538461536
1 0.42427884615384615 0.5276442307692307 0.04807692307692308 0.057692307692307696
1 0.41346153846153844 0.5757211538461539 0.04807692307692308 0.0625
1 0.47716346153846156 0.44591346153846156 0.04567307692307692 0.057692307692307696
1 0.4651442307692308 0.4891826923076923 0.05048076923076923 0.06009615384615385
1 0.45552884615384615 0.5372596153846154 0.04567307692307692 0.057692307692307696
1 0.47716346153846156 0.5925480769230769 0.0985576923076923 0.07211538461538461
1 0.5661057692307693 0.5997596153846154 0.10096153846153846 0.07451923076923077
1 0.6502403846153846 0.6237980769230769 0.10096153846153846 0.07692307692307693
1 0.5096153846153846 0.4519230769230769 0.04807692307692308 0.055288461538461536
1 0.5 0.4963942307692308 0.04567307692307692 0.057692307692307696
1 0.4879807692307692 0.5432692307692307 0.04567307692307692 0.057692307692307696
1 0.5432692307692307 0.45913461538461536 0.04326923076923077 0.055288461538461536
1 0.5324519230769231 0.5036057692307693 0.04567307692307692 0.06009615384615385
1 0.5216346153846154 0.5504807692307693 0.04326923076923077 0.057692307692307696
1 0.5769230769230769 0.4675480769230769 0.04567307692307692 0.057692307692307696
1 0.5661057692307693 0.5132211538461539 0.04567307692307692 0.057692307692307696
1 0.5564903846153846 0.5528846153846154 0.04326923076923077 0.04326923076923077
1 0.609375 0.4735576923076923 0.04807692307692308 0.057692307692307696
1 0.5985576923076923 0.5204326923076923 0.04567307692307692 0.057692307692307696
1 0.5913461538461539 0.5600961538461539 0.04326923076923077 0.04567307692307692
1 0.6466346153846154 0.4807692307692308 0.04567307692307692 0.055288461538461536
1 0.6358173076923077 0.5276442307692307 0.04567307692307692 0.057692307692307696
1 0.625 0.5697115384615384 0.04326923076923077 0.04326923076923077
1 0.6802884615384616 0.4891826923076923 0.04326923076923077 0.055288461538461536
1 0.6694711538461539 0.5360576923076923 0.04807692307692308 0.06009615384615385
1 0.6586538461538461 0.5757211538461539 0.04326923076923077 0.04326923076923077
1 0.7127403846153846 0.49759615384615385 0.04567307692307692 0.057692307692307696
1 0.7019230769230769 0.5456730769230769 0.05048076923076923 0.06009615384615385
1 0.6899038461538461 0.5901442307692307 0.04567307692307692 0.06009615384615385
1 0.7475961538461539 0.5060096153846154 0.04807692307692308 0.06009615384615385
1 0.7355769230769231 0.5540865384615384 0.05048076923076923 0.06009615384615385
1 0.7247596153846154 0.5997596153846154 0.05048076923076923 0.0625
1 0.7115384615384616 0.6478365384615384 0.05048076923076923 0.06009615384615385
1 0.7824519230769231 0.5132211538461539 0.04567307692307692 0.06009615384615385
1 0.7692307692307693 0.5625 0.04807692307692308 0.06009615384615385
1 0.7584134615384616 0.6105769230769231 0.04807692307692308 0.0625
1 0.7463942307692307 0.6550480769230769 0.04807692307692308 0.0625
1 0.8052884615384616 0.5697115384615384 0.05048076923076923 0.06009615384615385
1 0.7932692307692307 0.6153846153846154 0.05048076923076923 0.0625
1 0.78125 0.6634615384615384 0.05048076923076923 0.06009615384615385
1 0.6189903846153846 0.8040865384615384 0.18028846153846154 0.09615384615384616
1 0.6610576923076923 0.6995192307692307 0.21394230769230768 0.11057692307692307
1 0.6322115384615384 0.7475961538461539 0.18269230769230768 0.09134615384615384
1 0.8088942307692307 0.7355769230769231 0.11538461538461539 0.07932692307692307
1 0.90625 0.7536057692307693 0.10576923076923077 0.0889423076923077
1 0.8137019230769231 0.7992788461538461 0.21634615384615385 0.11538461538461539
1 0.8016826923076923 0.8521634615384616 0.21875 0.11538461538461539