1 0.026442307692307692 0.5697115384615384 0.026442307692307692 0.03365384615384615
1 0.04807692307692308 0.5685096153846154 0.026442307692307692 0.036057692307692304
1 0.07091346153846154 0.5649038461538461 0.026442307692307692 0.03365384615384615
1 0.09375 0.5637019230769231 0.026442307692307692 0.036057692307692304
1 0.1141826923076923 0.5600961538461539 0.02403846153846154 0.03365384615384615
1 0.13701923076923078 0.5576923076923077 0.02403846153846154 0.03365384615384615
1 0.15985576923076922 0.5552884615384616 0.026442307692307692 0.03365384615384615
1 0.1814903846153846 0.5528846153846154 0.02403846153846154 0.03125
1 0.203125 0.5516826923076923 0.026442307692307692 0.03125
1 0.22716346153846154 0.5480769230769231 0.026442307692307692 0.03365384615384615
1 0.24879807692307693 0.5456730769230769 0.02403846153846154 0.03365384615384615
1 0.2764423076923077 0.5432692307692307 0.040865384615384616 0.036057692307692304
1 0.019230769230769232 0.6009615384615384 0.02403846153846154 0.03365384615384615
1 0.021634615384615384 0.6334134615384616 0.02403846153846154 0.03365384615384615
1 0.025240384615384616 0.6622596153846154 0.021634615384615384 0.026442307692307692
1 0.036057692307692304 0.5997596153846154 0.01201923076923077 0.028846153846153848
1 0.038461538461538464 0.6322115384615384 0.01201923076923077 0.03365384615384615
1 0.040865384615384616 0.6598557692307693 0.016826923076923076 0.028846153846153848
1 0.051682692307692304 0.5973557692307693 0.02403846153846154 0.03365384615384615
1 0.054086538461538464 0.6286057692307693 0.02403846153846154 0.03365384615384615
1 0.05889423076923077 0.6586538461538461 0.02403846153846154 0.03125
1 0.0733173076923077 0.5949519230769231 0.026442307692307692 0.03365384615384615
1 0.07692307692307693 0.6262019230769231 0.026442307692307692 0.036057692307692304
1 0.08052884615384616 0.6550480769230769 0.028846153846153848 0.03125
1 0.09615384615384616 0.5925480769230769 0.026442307692307692 0.03365384615384615
1 0.09735576923076923 0.625 0.02403846153846154 0.03365384615384615
1 0.10096153846153846 0.6526442307692307 0.02403846153846154 0.03125
1 0.11778846153846154 0.5913461538461539 0.026442307692307692 0.03365384615384615
1 0.12139423076923077 0.6213942307692307 0.028846153846153848 0.038461538461538464
1 0.12379807692307693 0.6502403846153846 0.028846153846153848 0.03125
1 0.13942307692307693 0.5889423076923077 0.026442307692307692 0.036057692307692304
1 0.14302884615384615 0.6201923076923077 0.026442307692307692 0.036057692307692304
1 0.1466346153846154 0.6490384615384616 0.026442307692307692 0.03125
1 0.1622596153846154 0.5853365384615384 0.028846153846153848 0.038461538461538464
1 0.1658653846153846 0.6177884615384616 0.026442307692307692 0.036057692307692304
1 0.16947115384615385 0.6466346153846154 0.026442307692307692 0.028846153846153848
1 0.18389423076923078 0.5829326923076923 0.028846153846153848 0.038461538461538464
1 0.18870192307692307 0.6165865384615384 0.02403846153846154 0.036057692307692304
1 0.18990384615384615 0.6454326923076923 0.026442307692307692 0.03125
1 0.20673076923076922 0.5817307692307693 0.026442307692307692 0.036057692307692304
1 0.21033653846153846 0.6141826923076923 0.026442307692307692 0.036057692307692304
1 0.2127403846153846 0.6418269230769231 0.026442307692307692 0.03125
1 0.23076923076923078 0.5805288461538461 0.026442307692307692 0.03365384615384615
1 0.23317307692307693 0.6117788461538461 0.028846153846153848 0.038461538461538464
1 0.23677884615384615 0.6394230769230769 0.026442307692307692 0.028846153846153848
1 0.25240384615384615 0.5769230769230769 0.026442307692307692 0.036057692307692304
1 0.25600961538461536 0.6081730769230769 0.026442307692307692 0.036057692307692304
1 0.25841346153846156 0.6370192307692307 0.02403846153846154 0.03125
1 0.27283653846153844 0.5745192307692307 0.026442307692307692 0.03365384615384615
1 0.2764423076923077 0.6069711538461539 0.028846153846153848 0.036057692307692304
1 0.2800480769230769 0.6346153846153846 0.026442307692307692 0.03125
1 0.30288461538461536 0.5697115384615384 0.036057692307692304 0.036057692307692304
1 0.29927884615384615 0.6045673076923077 0.026442307692307692 0.036057692307692304
1 0.30288461538461536 0.6322115384615384 0.026442307692307692 0.03125
1 0.328125 0.5997596153846154 0.038461538461538464 0.038461538461538464
1 0.3317307692307692 0.6298076923076923 0.038461538461538464 0.036057692307692304
1 0.31009615384615385 0.5432692307692307 0.02403846153846154 0.028846153846153848
1 0.3293269230769231 0.5420673076923077 0.02403846153846154 0.03125
1 0.3329326923076923 0.5697115384615384 0.02403846153846154 0.03125
1 0.34975961538461536 0.5396634615384616 0.02403846153846154 0.03365384615384615
1 0.35336538461538464 0.5673076923076923 0.021634615384615384 0.03125
1 0.35697115384615385 0.5961538461538461 0.021634615384615384 0.03125
1 0.359375 0.6262019230769231 0.02403846153846154 0.03365384615384615
1 0.3701923076923077 0.5372596153846154 0.02403846153846154 0.03125
1 0.3737980769230769 0.5649038461538461 0.028846153846153848 0.036057692307692304
1 0.3762019230769231 0.59375 0.026442307692307692 0.03365384615384615
1 0.37740384615384615 0.6225961538461539 0.02403846153846154 0.036057692307692304
1 0.4014423076923077 0.5552884615384616 0.040865384615384616 0.052884615384615384
1 0.4074519230769231 0.6033653846153846 0.04326923076923077 0.057692307692307696
1 0.43149038461538464 0.5060096153846154 0.040865384615384616 0.05048076923076923
1 0.4375 0.5516826923076923 0.04326923076923077 0.055288461538461536
1 0.4423076923076923 0.5997596153846154 0.040865384615384616 0.06009615384615385
1 0.46033653846153844 0.45552884615384615 0.040865384615384616 0.052884615384615384
1 0.4639423076923077 0.5012019230769231 0.04326923076923077 0.057692307692307696
1 0.4699519230769231 0.5504807692307693 0.040865384615384616 0.052884615384615384
1 0.5084134615384616 0.5949519230769231 0.09615384615384616 0.0625
1 0.5949519230769231 0.5733173076923077 0.09615384615384616 0.06490384615384616
1 0.6826923076923077 0.5673076923076923 0.09615384615384616 0.0673076923076923
1 0.49399038461538464 0.45072115384615385 0.04326923076923077 0.052884615384615384
1 0.4987980769230769 0.4963942307692308 0.040865384615384616 0.052884615384615384
1 0.5024038461538461 0.5444711538461539 0.040865384615384616 0.052884615384615384
1 0.5276442307692307 0.44711538461538464 0.038461538461538464 0.05048076923076923
1 0.5324519230769231 0.49278846153846156 0.038461538461538464 0.055288461538461536
1 0.5372596153846154 0.5408653846153846 0.038461538461538464 0.052884615384615384
1 0.5612980769230769 0.44350961538461536 0.040865384615384616 0.052884615384615384
1 0.5661057692307693 0.49038461538461536 0.040865384615384616 0.052884615384615384
1 0.5709134615384616 0.53125 0.038461538461538464 0.038461538461538464
1 0.5949519230769231 0.4387019230769231 0.04326923076923077 0.055288461538461536
1 0.5997596153846154 0.48677884615384615 0.040865384615384616 0.052884615384615384
1 0.6057692307692307 0.5276442307692307 0.040865384615384616 0.04326923076923077
1 0.6322115384615384 0.4338942307692308 0.040865384615384616 0.05048076923076923
1 0.6370192307692307 0.48197115384615385 0.040865384615384616 0.052884615384615384
1 0.640625 0.5252403846153846 0.040865384615384616 0.040865384615384616
1 0.6670673076923077 0.43149038461538464 0.038461538461538464 0.05048076923076923
1 0.671875 0.4795673076923077 0.040865384615384616 0.055288461538461536
1 0.6754807692307693 0.5204326923076923 0.040865384615384616 0.040865384615384616
1 0.7007211538461539 0.42788461538461536 0.040865384615384616 0.052884615384615384
1 0.7055288461538461 0.47716346153846156 0.04326923076923077 0.057692307692307696
1 0.7091346153846154 0.5240384615384616 0.038461538461538464 0.055288461538461536
1 0.7367788461538461 0.4254807692307692 0.040865384615384616 0.055288461538461536
1 0.7403846153846154 0.47475961538461536 0.04326923076923077 0.057692307692307696
1 0.7451923076923077 0.5216346153846154 0.04326923076923077 0.06009615384615385
1 0.7475961538461539 0.5709134615384616 0.04567307692307692 0.057692307692307696
1 0.7704326923076923 0.4206730769230769 0.038461538461538464 0.055288461538461536
1 0.7752403846153846 0.47115384615384615 0.040865384615384616 0.055288461538461536
1 0.7800480769230769 0.5204326923076923 0.040865384615384616 0.06009615384615385
1 0.7836538461538461 0.5673076923076923 0.040865384615384616 0.06009615384615385
1 0.8100961538461539 0.46634615384615385 0.04326923076923077 0.057692307692307696
1 0.8149038461538461 0.5144230769230769 0.04326923076923077 0.06009615384615385
1 0.8197115384615384 0.5625 0.04567307692307692 0.057692307692307696
1 0.7115384615384616 0.7487980769230769 0.1778846153846154 0.07692307692307693
1 0.7175480769230769 0.6370192307692307 0.2091346153846154 0.08653846153846154
1 0.7067307692307693 0.6911057692307693 0.18028846153846154 0.07211538461538461
1 0.8677884615384616 0.6225961538461539 0.11057692307692307 0.0673076923076923
1 0.9591346153846154 0.6069711538461539 0.08173076923076923 0.07932692307692307
1 0.8942307692307693 0.6814903846153846 0.21153846153846154 0.09375
1 0.8954326923076923 0.7331730769230769 0.2091346153846154 0.09134615384615384