1 0.026442307692307692 0.42788461538461536 0.028846153846153848 0.036057692307692304
1 0.04807692307692308 0.4326923076923077 0.03125 0.038461538461538464
1 0.07091346153846154 0.4362980769230769 0.028846153846153848 0.036057692307692304
1 0.09254807692307693 0.4411057692307692 0.03125 0.038461538461538464
1 0.1141826923076923 0.44471153846153844 0.026442307692307692 0.036057692307692304
1 0.13701923076923078 0.4495192307692308 0.026442307692307692 0.036057692307692304
1 0.15865384615384615 0.453125 0.028846153846153848 0.036057692307692304
1 0.18028846153846154 0.4579326923076923 0.026442307692307692 0.03125
1 0.20072115384615385 0.46274038461538464 0.028846153846153848 0.03365384615384615
1 0.2247596153846154 0.46634615384615385 0.028846153846153848 0.036057692307692304
1 0.24639423076923078 0.4699519230769231 0.026442307692307692 0.036057692307692304
1 0.27283653846153844 0.47596153846153844 0.04326923076923077 0.038461538461538464
1 0.010817307692307692 0.45552884615384615 0.021634615384615384 0.036057692307692304
1 0.008413461538461538 0.48677884615384615 0.016826923076923076 0.036057692307692304
1 0.004807692307692308 0.515625 0.009615384615384616 0.026442307692307692
1 0.026442307692307692 0.45913461538461536 0.014423076923076924 0.03125
1 0.020432692307692308 0.49158653846153844 0.016826923076923076 0.03365384615384615
1 0.014423076923076924 0.5180288461538461 0.019230769230769232 0.028846153846153848
1 0.04326923076923077 0.46274038461538464 0.026442307692307692 0.036057692307692304
1 0.036057692307692304 0.49278846153846156 0.026442307692307692 0.036057692307692304
1 0.03125 0.5228365384615384 0.026442307692307692 0.03125
1 0.06490384615384616 0.4651442307692308 0.028846153846153848 0.036057692307692304
1 0.05889423076923077 0.49759615384615385 0.03125 0.038461538461538464
1 0.052884615384615384 0.5252403846153846 0.03125 0.03365384615384615
1 0.08653846153846154 0.4699519230769231 0.028846153846153848 0.036057692307692304
1 0.078125 0.5012019230769231 0.026442307692307692 0.036057692307692304
1 0.07451923076923077 0.5300480769230769 0.026442307692307692 0.03125
1 0.10817307692307693 0.47475961538461536 0.028846153846153848 0.036057692307692304
1 0.10216346153846154 0.5060096153846154 0.03365384615384615 0.038461538461538464
1 0.09615384615384616 0.5336538461538461 0.03125 0.03365384615384615
1 0.12980769230769232 0.4795673076923077 0.03125 0.038461538461538464
1 0.12379807692307693 0.5096153846153846 0.03125 0.038461538461538464
1 0.11899038461538461 0.5396634615384616 0.028846153846153848 0.03365384615384615
1 0.15144230769230768 0.48197115384615385 0.03365384615384615 0.038461538461538464
1 0.14543269230769232 0.5144230769230769 0.03125 0.038461538461538464
1 0.14182692307692307 0.5444711538461539 0.028846153846153848 0.03125
1 0.17307692307692307 0.48677884615384615 0.03125 0.040865384615384616
1 0.16826923076923078 0.5204326923076923 0.028846153846153848 0.038461538461538464
1 0.16105769230769232 0.5480769230769231 0.028846153846153848 0.03365384615384615
1 0.19591346153846154 0.49278846153846156 0.03125 0.038461538461538464
1 0.18870192307692307 0.5240384615384616 0.03125 0.038461538461538464
1 0.18389423076923078 0.5516826923076923 0.028846153846153848 0.03365384615384615
1 0.21875 0.49759615384615385 0.028846153846153848 0.036057692307692304
1 0.2127403846153846 0.5288461538461539 0.03125 0.040865384615384616
1 0.20793269230769232 0.5552884615384616 0.028846153846153848 0.03125
1 0.2403846153846154 0.5012019230769231 0.03125 0.038461538461538464
1 0.23557692307692307 0.53125 0.03125 0.038461538461538464
1 0.2283653846153846 0.5600961538461539 0.026442307692307692 0.03125
1 0.2620192307692308 0.5048076923076923 0.028846153846153848 0.036057692307692304
1 0.2548076923076923 0.5372596153846154 0.03125 0.036057692307692304
1 0.25 0.5637019230769231 0.028846153846153848 0.03365384615384615
1 0.29086538461538464 0.5096153846153846 0.038461538461538464 0.038461538461538464
1 0.2776442307692308 0.5408653846153846 0.03125 0.038461538461538464
1 0.27283653846153844 0.5685096153846154 0.028846153846153848 0.03365384615384615
1 0.30649038461538464 0.5456730769230769 0.040865384615384616 0.040865384615384616
1 0.3004807692307692 0.5745192307692307 0.040865384615384616 0.038461538461538464
1 0.30528846153846156 0.4855769230769231 0.02403846153846154 0.028846153846153848
1 0.3245192307692308 0.49038461538461536 0.026442307692307692 0.03125
1 0.31971153846153844 0.5180288461538461 0.026442307692307692 0.03125
1 0.3449519230769231 0.49399038461538464 0.026442307692307692 0.036057692307692304
1 0.3401442307692308 0.5216346153846154 0.02403846153846154 0.03125
1 0.33533653846153844 0.5504807692307693 0.02403846153846154 0.03125
1 0.3293269230769231 0.5793269230769231 0.026442307692307692 0.036057692307692304
1 0.3641826923076923 0.49759615384615385 0.026442307692307692 0.03125
1 0.3605769230769231 0.5252403846153846 0.03125 0.036057692307692304
1 0.35336538461538464 0.5540865384615384 0.028846153846153848 0.036057692307692304
1 0.3473557692307692 0.5817307692307693 0.026442307692307692 0.038461538461538464
1 0.390625 0.5240384615384616 0.04567307692307692 0.055288461538461536
1 0.38100961538461536 0.5709134615384616 0.04807692307692308 0.06009615384615385
1 0.4326923076923077 0.4855769230769231 0.04567307692307692 0.052884615384615384
1 0.4254807692307692 0.53125 0.04807692307692308 0.057692307692307696
1 0.41586538461538464 0.5793269230769231 0.04567307692307692 0.0625
1 0.47475961538461536 0.44591346153846156 0.04567307692307692 0.055288461538461536
1 0.4651442307692308 0.49038461538461536 0.04807692307692308 0.06009615384615385
1 0.4567307692307692 0.5396634615384616 0.04567307692307692 0.055288461538461536
1 0.4807692307692308 0.5925480769230769 0.0985576923076923 0.06971153846153846
1 0.5697115384615384 0.5973557692307693 0.0985576923076923 0.07211538461538461
1 0.6550480769230769 0.6177884615384616 0.0985576923076923 0.07451923076923077
1 0.5084134615384616 0.4519230769230769 0.04807692307692308 0.055288461538461536
1 0.5 0.4963942307692308 0.04567307692307692 0.055288461538461536
1 0.4891826923076923 0.5432692307692307 0.04567307692307692 0.055288461538461536
1 0.5408653846153846 0.4579326923076923 0.04326923076923077 0.052884615384615384
1 0.5324519230769231 0.5024038461538461 0.04326923076923077 0.057692307692307696
1 0.5228365384615384 0.5492788461538461 0.04326923076923077 0.055288461538461536
1 0.5757211538461539 0.4639423076923077 0.04567307692307692 0.055288461538461536
1 0.5661057692307693 0.5108173076923077 0.04567307692307692 0.055288461538461536
1 0.5588942307692307 0.5504807692307693 0.040865384615384616 0.040865384615384616
1 0.6081730769230769 0.4699519230769231 0.04807692307692308 0.057692307692307696
1 0.5997596153846154 0.5168269230769231 0.04567307692307692 0.055288461538461536
1 0.5925480769230769 0.5576923076923077 0.04326923076923077 0.04567307692307692
1 0.6454326923076923 0.47596153846153844 0.04567307692307692 0.052884615384615384
1 0.6358173076923077 0.5228365384615384 0.04567307692307692 0.055288461538461536
1 0.6274038461538461 0.5649038461538461 0.04326923076923077 0.04326923076923077
1 0.6790865384615384 0.4831730769230769 0.04326923076923077 0.052884615384615384
1 0.6706730769230769 0.53125 0.04567307692307692 0.057692307692307696
1 0.6610576923076923 0.5709134615384616 0.04326923076923077 0.04326923076923077
1 0.7127403846153846 0.49038461538461536 0.04567307692307692 0.055288461538461536
1 0.703125 0.5384615384615384 0.04807692307692308 0.06009615384615385
1 0.6935096153846154 0.5841346153846154 0.04326923076923077 0.057692307692307696
1 0.7475961538461539 0.49759615384615385 0.04567307692307692 0.057692307692307696
1 0.7367788461538461 0.5456730769230769 0.04807692307692308 0.06009615384615385
1 0.7283653846153846 0.5925480769230769 0.04807692307692308 0.0625
1 0.7163461538461539 0.640625 0.04807692307692308 0.06009615384615385
1 0.7824519230769231 0.5036057692307693 0.04326923076923077 0.057692307692307696
1 0.7716346153846154 0.5528846153846154 0.04567307692307692 0.057692307692307696
1 0.7620192307692307 0.6009615384615384 0.04567307692307692 0.0625
1 0.7524038461538461 0.6466346153846154 0.04567307692307692 0.0625
1 0.8064903846153846 0.5588942307692307 0.04807692307692308 0.06009615384615385
1 0.796875 0.6057692307692307 0.04807692307692308 0.0625
1 0.7872596153846154 0.6538461538461539 0.04807692307692308 0.06009615384615385
1 0.6286057692307693 0.7992788461538461 0.18028846153846154 0.09134615384615384
1 0.6682692307692307 0.6947115384615384 0.21394230769230768 0.10336538461538461
1 0.6418269230769231 0.7427884615384616 0.18269230769230768 0.08653846153846154
1 0.8161057692307693 0.7247596153846154 0.11298076923076923 0.07451923076923077
1 0.9146634615384616 0.7403846153846154 0.10336538461538461 0.08653846153846154
1 0.8233173076923077 0.7884615384615384 0.21634615384615385 0.11057692307692307
1 0.8137019230769231 0.8413461538461539 0.21634615384615385 0.10817307692307693