1 0.6322115384615384 0.41947115384615385 0.06009615384615385 0.055288461538461536
1 0.5793269230769231 0.40024038461538464 0.04567307692307692 0.04807692307692308
1 0.5721153846153846 0.4375 0.04326923076923077 0.05048076923076923
1 0.5649038461538461 0.47836538461538464 0.040865384615384616 0.05048076923076923
1 0.5552884615384616 0.5180288461538461 0.040865384615384616 0.04326923076923077
1 0.6274038461538461 0.45552884615384615 0.05048076923076923 0.04567307692307692
1 0.6201923076923077 0.4891826923076923 0.06009615384615385 0.055288461538461536
1 0.6201923076923077 0.5336538461538461 0.040865384615384616 0.04567307692307692
1 0.6670673076923077 0.46153846153846156 0.026442307692307692 0.02403846153846154
1 0.6983173076923077 0.48197115384615385 0.055288461538461536 0.04807692307692308
1 0.6838942307692307 0.4495192307692308 0.038461538461538464 0.026442307692307692
1 0.7175480769230769 0.4519230769230769 0.026442307692307692 0.03125
1 0.7379807692307693 0.4579326923076923 0.028846153846153848 0.040865384615384616
1 0.7692307692307693 0.4651442307692308 0.052884615384615384 0.040865384615384616
1 0.7548076923076923 0.49759615384615385 0.052884615384615384 0.04567307692307692
1 0.7764423076923077 0.47836538461538464 0.028846153846153848 0.03365384615384615
1 0.8052884615384616 0.4879807692307692 0.04807692307692308 0.040865384615384616
1 0.8425480769230769 0.49759615384615385 0.04567307692307692 0.04326923076923077
1 0.7992788461538461 0.5216346153846154 0.05048076923076923 0.04567307692307692
1 0.8016826923076923 0.5564903846153846 0.03125 0.040865384615384616
1 0.7620192307692307 0.5757211538461539 0.04326923076923077 0.04326923076923077
1 0.7944711538461539 0.5865384615384616 0.03125 0.036057692307692304
1 0.8737980769230769 0.5372596153846154 0.04567307692307692 0.04326923076923077
1 0.8762019230769231 0.5721153846153846 0.028846153846153848 0.036057692307692304
1 0.8677884615384616 0.6033653846153846 0.028846153846153848 0.040865384615384616
1 0.8617788461538461 0.6382211538461539 0.026442307692307692 0.036057692307692304
1 0.9170673076923077 0.5540865384615384 0.04326923076923077 0.038461538461538464
1 0.9182692307692307 0.5877403846153846 0.026442307692307692 0.036057692307692304
1 0.9122596153846154 0.6201923076923077 0.026442307692307692 0.036057692307692304
1 0.9050480769230769 0.6490384615384616 0.02403846153846154 0.03365384615384615