1 0.6334134615384616 0.421875 0.06009615384615385 0.055288461538461536
1 0.5817307692307693 0.4014423076923077 0.04567307692307692 0.05048076923076923
1 0.5733173076923077 0.4387019230769231 0.04326923076923077 0.05048076923076923
1 0.5649038461538461 0.4795673076923077 0.04326923076923077 0.05048076923076923
1 0.5552884615384616 0.5180288461538461 0.040865384615384616 0.04326923076923077
1 0.6286057692307693 0.4579326923076923 0.052884615384615384 0.04567307692307692
1 0.6201923076923077 0.49158653846153844 0.06009615384615385 0.055288461538461536
1 0.6201923076923077 0.5360576923076923 0.040865384615384616 0.04567307692307692
1 0.6670673076923077 0.4651442307692308 0.026442307692307692 0.02403846153846154
1 0.6983173076923077 0.4855769230769231 0.055288461538461536 0.04807692307692308
1 0.6850961538461539 0.453125 0.038461538461538464 0.028846153846153848
1 0.7175480769230769 0.45552884615384615 0.026442307692307692 0.03125
1 0.7391826923076923 0.46153846153846156 0.028846153846153848 0.040865384615384616
1 0.7704326923076923 0.4699519230769231 0.052884615384615384 0.04326923076923077
1 0.7548076923076923 0.5012019230769231 0.052884615384615384 0.04567307692307692
1 0.7764423076923077 0.4831730769230769 0.028846153846153848 0.03365384615384615
1 0.8052884615384616 0.49278846153846156 0.04807692307692308 0.040865384615384616
1 0.8425480769230769 0.5036057692307693 0.04807692307692308 0.04567307692307692
1 0.7992788461538461 0.5264423076923077 0.052884615384615384 0.04567307692307692
1 0.8004807692307693 0.5612980769230769 0.03125 0.040865384615384616
1 0.7608173076923077 0.5805288461538461 0.04326923076923077 0.04326923076923077
1 0.7932692307692307 0.5913461538461539 0.03125 0.038461538461538464
1 0.8725961538461539 0.5432692307692307 0.04567307692307692 0.04326923076923077
1 0.8737980769230769 0.578125 0.028846153846153848 0.036057692307692304
1 0.8665865384615384 0.609375 0.028846153846153848 0.040865384615384616
1 0.859375 0.6442307692307693 0.028846153846153848 0.036057692307692304
1 0.9158653846153846 0.5612980769230769 0.04567307692307692 0.038461538461538464
1 0.9170673076923077 0.5949519230769231 0.028846153846153848 0.036057692307692304
1 0.9110576923076923 0.6274038461538461 0.028846153846153848 0.036057692307692304
1 0.9026442307692307 0.65625 0.02403846153846154 0.03365384615384615