1 0.051682692307692304 0.40384615384615385 0.057692307692307696 0.036057692307692304
1 0.06009615384615385 0.4326923076923077 0.06971153846153846 0.036057692307692304
1 0.013221153846153846 0.43028846153846156 0.02403846153846154 0.036057692307692304
1 0.015625 0.46033653846153844 0.02403846153846154 0.036057692307692304
1 0.018028846153846152 0.4963942307692308 0.026442307692307692 0.036057692307692304
1 0.06129807692307692 0.4639423076923077 0.06971153846153846 0.03125
1 0.0625 0.49278846153846156 0.0673076923076923 0.036057692307692304
1 0.07211538461538461 0.5228365384615384 0.05048076923076923 0.03125
1 0.125 0.4326923076923077 0.057692307692307696 0.03365384615384615
1 0.12620192307692307 0.46153846153846156 0.057692307692307696 0.036057692307692304
1 0.12740384615384615 0.49158653846153844 0.057692307692307696 0.03365384615384615
1 0.12620192307692307 0.5216346153846154 0.057692307692307696 0.036057692307692304
1 0.15504807692307693 0.4098557692307692 0.052884615384615384 0.026442307692307692
1 0.17908653846153846 0.4338942307692308 0.052884615384615384 0.03125
1 0.18028846153846154 0.46153846153846156 0.055288461538461536 0.03365384615384615
1 0.1814903846153846 0.4891826923076923 0.057692307692307696 0.03365384615384615
1 0.1814903846153846 0.5180288461538461 0.057692307692307696 0.036057692307692304
1 0.23317307692307693 0.43509615384615385 0.055288461538461536 0.03365384615384615
1 0.234375 0.46274038461538464 0.055288461538461536 0.036057692307692304
1 0.23557692307692307 0.49038461538461536 0.057692307692307696 0.03125
1 0.23557692307692307 0.5192307692307693 0.057692307692307696 0.03365384615384615
1 0.20793269230769232 0.4050480769230769 0.01201923076923077 0.026442307692307692
1 0.28125 0.40865384615384615 0.05048076923076923 0.028846153846153848
1 0.2824519230769231 0.4362980769230769 0.04807692307692308 0.03125
1 0.2848557692307692 0.46153846153846156 0.04567307692307692 0.03365384615384615
1 0.2860576923076923 0.4879807692307692 0.04807692307692308 0.03125
1 0.28846153846153844 0.5168269230769231 0.040865384615384616 0.03365384615384615
1 0.3245192307692308 0.4098557692307692 0.04326923076923077 0.03125
1 0.328125 0.4362980769230769 0.040865384615384616 0.03125
1 0.3293269230769231 0.4639423076923077 0.038461538461538464 0.028846153846153848
1 0.33052884615384615 0.4891826923076923 0.038461538461538464 0.028846153846153848
1 0.33052884615384615 0.515625 0.038461538461538464 0.03125
1 0.36899038461538464 0.4362980769230769 0.040865384615384616 0.03125
1 0.3701923076923077 0.4639423076923077 0.04326923076923077 0.028846153846153848
1 0.3713942307692308 0.4891826923076923 0.04326923076923077 0.028846153846153848
1 0.37259615384615385 0.515625 0.036057692307692304 0.028846153846153848
1 0.3870192307692308 0.41466346153846156 0.04567307692307692 0.028846153846153848
1 0.4050480769230769 0.43990384615384615 0.036057692307692304 0.028846153846153848
1 0.40625 0.4639423076923077 0.036057692307692304 0.028846153846153848
1 0.4074519230769231 0.4879807692307692 0.03365384615384615 0.028846153846153848
1 0.4074519230769231 0.5144230769230769 0.03365384615384615 0.026442307692307692
1 0.43149038461538464 0.41586538461538464 0.038461538461538464 0.028846153846153848
1 0.4423076923076923 0.43990384615384615 0.038461538461538464 0.028846153846153848
1 0.44350961538461536 0.4639423076923077 0.040865384615384616 0.03125
1 0.44471153846153844 0.4891826923076923 0.040865384615384616 0.028846153846153848
1 0.4495192307692308 0.5132211538461539 0.03365384615384615 0.02403846153846154
1 0.4651442307692308 0.4170673076923077 0.03365384615384615 0.026442307692307692
1 0.47716346153846156 0.4411057692307692 0.03365384615384615 0.026442307692307692
1 0.4795673076923077 0.4651442307692308 0.03365384615384615 0.026442307692307692
1 0.4807692307692308 0.4891826923076923 0.03365384615384615 0.02403846153846154
1 0.4807692307692308 0.5132211538461539 0.03365384615384615 0.026442307692307692
1 0.5 0.41947115384615385 0.036057692307692304 0.026442307692307692
1 0.5120192307692307 0.4423076923076923 0.038461538461538464 0.028846153846153848
1 0.5132211538461539 0.4639423076923077 0.036057692307692304 0.026442307692307692
1 0.5144230769230769 0.4879807692307692 0.036057692307692304 0.028846153846153848
1 0.5180288461538461 0.5108173076923077 0.028846153846153848 0.02403846153846154
1 0.5384615384615384 0.4206730769230769 0.040865384615384616 0.026442307692307692
1 0.5444711538461539 0.4423076923076923 0.03125 0.02403846153846154
1 0.5456730769230769 0.46634615384615385 0.03125 0.02403846153846154
1 0.546875 0.4879807692307692 0.028846153846153848 0.021634615384615384
1 0.546875 0.5108173076923077 0.028846153846153848 0.02403846153846154
1 0.5745192307692307 0.421875 0.03365384615384615 0.02403846153846154
1 0.5745192307692307 0.44350961538461536 0.03365384615384615 0.026442307692307692
1 0.5769230769230769 0.4651442307692308 0.03365384615384615 0.02403846153846154
1 0.578125 0.4879807692307692 0.03365384615384615 0.026442307692307692
1 0.5805288461538461 0.5108173076923077 0.026442307692307692 0.02403846153846154
1 0.6033653846153846 0.421875 0.028846153846153848 0.02403846153846154
1 0.6045673076923077 0.44591346153846156 0.026442307692307692 0.02403846153846154
1 0.6057692307692307 0.4651442307692308 0.028846153846153848 0.026442307692307692
1 0.6069711538461539 0.48677884615384615 0.028846153846153848 0.02403846153846154
1 0.6057692307692307 0.5096153846153846 0.026442307692307692 0.02403846153846154
1 0.6310096153846154 0.4230769230769231 0.028846153846153848 0.02403846153846154
1 0.6322115384615384 0.44350961538461536 0.028846153846153848 0.02403846153846154
1 0.6334134615384616 0.4639423076923077 0.028846153846153848 0.021634615384615384
1 0.6346153846153846 0.48677884615384615 0.028846153846153848 0.021634615384615384
1 0.6370192307692307 0.5084134615384616 0.02403846153846154 0.021634615384615384
1 0.6574519230769231 0.42427884615384615 0.02403846153846154 0.021634615384615384
1 0.6598557692307693 0.44471153846153844 0.026442307692307692 0.021634615384615384
1 0.6598557692307693 0.4651442307692308 0.02403846153846154 0.021634615384615384
1 0.6610576923076923 0.4855769230769231 0.026442307692307692 0.021634615384615384
1 0.6622596153846154 0.5072115384615384 0.02403846153846154 0.02403846153846154
1 0.6802884615384616 0.4675480769230769 0.014423076923076924 0.019230769230769232
1 0.6814903846153846 0.48677884615384615 0.014423076923076924 0.019230769230769232
1 0.6995192307692307 0.5072115384615384 0.021634615384615384 0.021634615384615384
1 0.6875 0.44471153846153844 0.01201923076923077 0.019230769230769232
1 0.6983173076923077 0.44350961538461536 0.01201923076923077 0.021634615384615384
1 0.7283653846153846 0.4411057692307692 0.04807692307692308 0.02403846153846154
1 0.7295673076923077 0.46274038461538464 0.05048076923076923 0.02403846153846154
1 0.7403846153846154 0.46875 0.05048076923076923 0.02403846153846154
1 0.7415865384615384 0.4879807692307692 0.05048076923076923 0.02403846153846154
1 0.7139423076923077 0.4855769230769231 0.014423076923076924 0.02403846153846154
1 0.7475961538461539 0.5072115384615384 0.038461538461538464 0.026442307692307692
1 0.7331730769230769 0.421875 0.009615384615384616 0.016826923076923076
1 0.7439903846153846 0.421875 0.009615384615384616 0.019230769230769232
1 0.7560096153846154 0.421875 0.01201923076923077 0.021634615384615384
1 0.7824519230769231 0.4266826923076923 0.04567307692307692 0.026442307692307692
1 0.7836538461538461 0.44591346153846156 0.04807692307692308 0.026442307692307692
1 0.7872596153846154 0.46634615384615385 0.04326923076923077 0.026442307692307692
1 0.7884615384615384 0.4879807692307692 0.04326923076923077 0.02403846153846154
1 0.7896634615384616 0.5060096153846154 0.036057692307692304 0.02403846153846154
1 0.8257211538461539 0.43149038461538464 0.040865384615384616 0.026442307692307692
1 0.8269230769230769 0.45072115384615385 0.040865384615384616 0.02403846153846154
1 0.8269230769230769 0.4675480769230769 0.040865384615384616 0.02403846153846154
1 0.828125 0.48677884615384615 0.038461538461538464 0.02403846153846154
1 0.8317307692307693 0.5048076923076923 0.03365384615384615 0.019230769230769232
1 0.8497596153846154 0.43149038461538464 0.009615384615384616 0.016826923076923076
1 0.8509615384615384 0.4495192307692308 0.009615384615384616 0.019230769230769232
1 0.8509615384615384 0.4675480769230769 0.009615384615384616 0.016826923076923076
1 0.8521634615384616 0.48677884615384615 0.009615384615384616 0.019230769230769232
1 0.8617788461538461 0.48677884615384615 0.009615384615384616 0.019230769230769232
1 0.8725961538461539 0.4855769230769231 0.01201923076923077 0.019230769230769232
1 0.8617788461538461 0.46634615384615385 0.01201923076923077 0.019230769230769232
1 0.8617788461538461 0.4483173076923077 0.01201923076923077 0.016826923076923076
1 0.859375 0.43149038461538464 0.009615384615384616 0.019230769230769232
1 0.8858173076923077 0.43028846153846156 0.038461538461538464 0.02403846153846154
1 0.8713942307692307 0.4483173076923077 0.009615384615384616 0.019230769230769232
1 0.8954326923076923 0.4495192307692308 0.038461538461538464 0.026442307692307692
1 0.8713942307692307 0.46634615384615385 0.01201923076923077 0.021634615384615384
1 0.8954326923076923 0.46875 0.038461538461538464 0.02403846153846154
1 0.8978365384615384 0.4855769230769231 0.038461538461538464 0.02403846153846154
1 0.9206730769230769 0.43990384615384615 0.03125 0.019230769230769232
1 0.9302884615384616 0.453125 0.03125 0.019230769230769232
1 0.9302884615384616 0.47115384615384615 0.03365384615384615 0.016826923076923076
1 0.9314903846153846 0.4855769230769231 0.03365384615384615 0.016826923076923076
1 0.9014423076923077 0.5048076923076923 0.028846153846153848 0.016826923076923076
1 0.9362980769230769 0.5048076923076923 0.028846153846153848 0.016826923076923076