1 0.046875 0.42788461538461536 0.06009615384615385 0.040865384615384616
1 0.056490384615384616 0.45552884615384615 0.07211538461538461 0.040865384615384616
1 0.010817307692307692 0.45552884615384615 0.021634615384615384 0.036057692307692304
1 0.013221153846153846 0.4855769230769231 0.02403846153846154 0.036057692307692304
1 0.018028846153846152 0.5216346153846154 0.028846153846153848 0.036057692307692304
1 0.06009615384615385 0.48677884615384615 0.06971153846153846 0.03365384615384615
1 0.0625 0.515625 0.06971153846153846 0.040865384615384616
1 0.07451923076923077 0.5456730769230769 0.052884615384615384 0.03365384615384615
1 0.12139423076923077 0.4519230769230769 0.06009615384615385 0.036057692307692304
1 0.12379807692307693 0.4807692307692308 0.06009615384615385 0.040865384615384616
1 0.12740384615384615 0.5108173076923077 0.06009615384615385 0.038461538461538464
1 0.12860576923076922 0.5408653846153846 0.06009615384615385 0.040865384615384616
1 0.15144230769230768 0.42788461538461536 0.052884615384615384 0.028846153846153848
1 0.17548076923076922 0.45072115384615385 0.052884615384615384 0.03365384615384615
1 0.1778846153846154 0.47836538461538464 0.057692307692307696 0.036057692307692304
1 0.18028846153846154 0.5060096153846154 0.06009615384615385 0.036057692307692304
1 0.18389423076923078 0.5348557692307693 0.06009615384615385 0.038461538461538464
1 0.22956730769230768 0.4483173076923077 0.057692307692307696 0.036057692307692304
1 0.23197115384615385 0.47596153846153844 0.057692307692307696 0.038461538461538464
1 0.234375 0.5036057692307693 0.06009615384615385 0.03365384615384615
1 0.23798076923076922 0.5324519230769231 0.06009615384615385 0.036057692307692304
1 0.203125 0.4206730769230769 0.014423076923076924 0.026442307692307692
1 0.2776442307692308 0.4206730769230769 0.052884615384615384 0.03125
1 0.2800480769230769 0.4483173076923077 0.05048076923076923 0.03365384615384615
1 0.2824519230769231 0.4735576923076923 0.04807692307692308 0.036057692307692304
1 0.2848557692307692 0.5 0.05048076923076923 0.03365384615384615
1 0.28966346153846156 0.5276442307692307 0.04326923076923077 0.036057692307692304
1 0.32091346153846156 0.41947115384615385 0.04326923076923077 0.03125
1 0.3245192307692308 0.44591346153846156 0.040865384615384616 0.03125
1 0.3269230769230769 0.4723557692307692 0.040865384615384616 0.028846153846153848
1 0.3293269230769231 0.49759615384615385 0.040865384615384616 0.028846153846153848
1 0.3317307692307692 0.5240384615384616 0.040865384615384616 0.03125
1 0.36538461538461536 0.44350961538461536 0.040865384615384616 0.03125
1 0.36778846153846156 0.4699519230769231 0.04326923076923077 0.028846153846153848
1 0.3701923076923077 0.4951923076923077 0.04326923076923077 0.028846153846153848
1 0.3737980769230769 0.5216346153846154 0.038461538461538464 0.028846153846153848
1 0.38341346153846156 0.4206730769230769 0.04807692307692308 0.03125
1 0.4026442307692308 0.44471153846153844 0.038461538461538464 0.028846153846153848
1 0.40384615384615385 0.46875 0.038461538461538464 0.028846153846153848
1 0.40625 0.49278846153846156 0.036057692307692304 0.03125
1 0.40865384615384615 0.5192307692307693 0.036057692307692304 0.028846153846153848
1 0.4266826923076923 0.41947115384615385 0.040865384615384616 0.028846153846153848
1 0.43990384615384615 0.4423076923076923 0.040865384615384616 0.028846153846153848
1 0.4411057692307692 0.46634615384615385 0.040865384615384616 0.03125
1 0.44350961538461536 0.49158653846153844 0.040865384615384616 0.028846153846153848
1 0.45072115384615385 0.5168269230769231 0.036057692307692304 0.026442307692307692
1 0.46033653846153844 0.41947115384615385 0.03365384615384615 0.028846153846153848
1 0.47475961538461536 0.4423076923076923 0.03365384615384615 0.028846153846153848
1 0.47716346153846156 0.46634615384615385 0.03365384615384615 0.028846153846153848
1 0.4795673076923077 0.4891826923076923 0.03365384615384615 0.026442307692307692
1 0.48197115384615385 0.5132211538461539 0.03365384615384615 0.028846153846153848
1 0.4951923076923077 0.41947115384615385 0.038461538461538464 0.026442307692307692
1 0.5096153846153846 0.4411057692307692 0.040865384615384616 0.028846153846153848
1 0.5108173076923077 0.46274038461538464 0.038461538461538464 0.026442307692307692
1 0.5132211538461539 0.48677884615384615 0.038461538461538464 0.028846153846153848
1 0.5192307692307693 0.5108173076923077 0.028846153846153848 0.026442307692307692
1 0.5336538461538461 0.4182692307692308 0.040865384615384616 0.026442307692307692
1 0.5420673076923077 0.43990384615384615 0.03125 0.026442307692307692
1 0.5432692307692307 0.4639423076923077 0.03125 0.026442307692307692
1 0.5456730769230769 0.4855769230769231 0.028846153846153848 0.02403846153846154
1 0.5480769230769231 0.5084134615384616 0.028846153846153848 0.026442307692307692
1 0.5697115384615384 0.4182692307692308 0.03365384615384615 0.026442307692307692
1 0.5721153846153846 0.43990384615384615 0.03365384615384615 0.028846153846153848
1 0.5745192307692307 0.46033653846153844 0.03365384615384615 0.026442307692307692
1 0.5769230769230769 0.4831730769230769 0.03365384615384615 0.028846153846153848
1 0.5817307692307693 0.5060096153846154 0.028846153846153848 0.026442307692307692
1 0.5985576923076923 0.4170673076923077 0.028846153846153848 0.026442307692307692
1 0.6021634615384616 0.43990384615384615 0.028846153846153848 0.026442307692307692
1 0.6033653846153846 0.45913461538461536 0.028846153846153848 0.028846153846153848
1 0.6057692307692307 0.4807692307692308 0.028846153846153848 0.026442307692307692
1 0.6069711538461539 0.5036057692307693 0.028846153846153848 0.026442307692307692
1 0.6262019230769231 0.4170673076923077 0.028846153846153848 0.026442307692307692
1 0.6298076923076923 0.4362980769230769 0.028846153846153848 0.026442307692307692
1 0.6310096153846154 0.4567307692307692 0.028846153846153848 0.02403846153846154
1 0.6334134615384616 0.4795673076923077 0.028846153846153848 0.02403846153846154
1 0.6382211538461539 0.5012019230769231 0.026442307692307692 0.02403846153846154
1 0.6526442307692307 0.4170673076923077 0.026442307692307692 0.02403846153846154
1 0.6574519230769231 0.4362980769230769 0.028846153846153848 0.02403846153846154
1 0.6574519230769231 0.4567307692307692 0.026442307692307692 0.02403846153846154
1 0.6598557692307693 0.47716346153846156 0.028846153846153848 0.02403846153846154
1 0.6622596153846154 0.4987980769230769 0.026442307692307692 0.026442307692307692
1 0.6790865384615384 0.4579326923076923 0.016826923076923076 0.019230769230769232
1 0.6802884615384616 0.47716346153846156 0.016826923076923076 0.019230769230769232
1 0.6995192307692307 0.4963942307692308 0.02403846153846154 0.02403846153846154
1 0.6850961538461539 0.4338942307692308 0.014423076923076924 0.019230769230769232
1 0.6959134615384616 0.4338942307692308 0.014423076923076924 0.021634615384615384
1 0.7259615384615384 0.42908653846153844 0.05048076923076923 0.026442307692307692
1 0.7271634615384616 0.45072115384615385 0.052884615384615384 0.026442307692307692
1 0.7391826923076923 0.4567307692307692 0.052884615384615384 0.026442307692307692
1 0.7403846153846154 0.47475961538461536 0.052884615384615384 0.026442307692307692
1 0.7127403846153846 0.47475961538461536 0.016826923076923076 0.02403846153846154
1 0.7475961538461539 0.49399038461538464 0.040865384615384616 0.026442307692307692
1 0.7283653846153846 0.4098557692307692 0.01201923076923077 0.016826923076923076
1 0.7391826923076923 0.40865384615384615 0.01201923076923077 0.019230769230769232
1 0.7512019230769231 0.4074519230769231 0.014423076923076924 0.021634615384615384
1 0.7776442307692307 0.41225961538461536 0.04807692307692308 0.028846153846153848
1 0.7800480769230769 0.43028846153846156 0.05048076923076923 0.028846153846153848
1 0.7848557692307693 0.45072115384615385 0.04326923076923077 0.026442307692307692
1 0.7872596153846154 0.4723557692307692 0.04326923076923077 0.02403846153846154
1 0.7896634615384616 0.49038461538461536 0.038461538461538464 0.02403846153846154
1 0.8221153846153846 0.41346153846153844 0.040865384615384616 0.026442307692307692
1 0.8233173076923077 0.4338942307692308 0.040865384615384616 0.02403846153846154
1 0.8245192307692307 0.45072115384615385 0.040865384615384616 0.02403846153846154
1 0.8269230769230769 0.4699519230769231 0.040865384615384616 0.02403846153846154
1 0.8317307692307693 0.4879807692307692 0.036057692307692304 0.021634615384615384
1 0.8461538461538461 0.41346153846153844 0.01201923076923077 0.016826923076923076
1 0.8473557692307693 0.43149038461538464 0.01201923076923077 0.019230769230769232
1 0.8485576923076923 0.4495192307692308 0.01201923076923077 0.016826923076923076
1 0.8509615384615384 0.4675480769230769 0.01201923076923077 0.019230769230769232
1 0.8605769230769231 0.46875 0.01201923076923077 0.019230769230769232
1 0.8713942307692307 0.46634615384615385 0.014423076923076924 0.019230769230769232
1 0.859375 0.4483173076923077 0.014423076923076924 0.019230769230769232
1 0.8581730769230769 0.43028846153846156 0.014423076923076924 0.016826923076923076
1 0.8557692307692307 0.41225961538461536 0.01201923076923077 0.019230769230769232
1 0.8822115384615384 0.4098557692307692 0.040865384615384616 0.02403846153846154
1 0.8677884615384616 0.42908653846153844 0.01201923076923077 0.019230769230769232
1 0.8918269230769231 0.42788461538461536 0.040865384615384616 0.026442307692307692
1 0.8689903846153846 0.44711538461538464 0.014423076923076924 0.021634615384615384
1 0.8942307692307693 0.4483173076923077 0.040865384615384616 0.02403846153846154
1 0.8966346153846154 0.4651442307692308 0.040865384615384616 0.02403846153846154
1 0.9170673076923077 0.4170673076923077 0.03125 0.021634615384615384
1 0.9266826923076923 0.43149038461538464 0.03125 0.021634615384615384
1 0.9290865384615384 0.4495192307692308 0.03365384615384615 0.019230769230769232
1 0.9302884615384616 0.4639423076923077 0.03365384615384615 0.019230769230769232
1 0.9014423076923077 0.484375 0.028846153846153848 0.016826923076923076
1 0.9362980769230769 0.48197115384615385 0.028846153846153848 0.016826923076923076