1 0.13221153846153846 0.41346153846153844 0.03125 0.03125
1 0.12980769230769232 0.4387019230769231 0.03125 0.028846153846153848
1 0.1622596153846154 0.3942307692307692 0.03125 0.028846153846153848
1 0.15985576923076922 0.4206730769230769 0.03365384615384615 0.028846153846153848
1 0.15625 0.44711538461538464 0.028846153846153848 0.026442307692307692
1 0.19951923076923078 0.36658653846153844 0.04567307692307692 0.03125
1 0.19110576923076922 0.3918269230769231 0.036057692307692304 0.028846153846153848
1 0.18870192307692307 0.41947115384615385 0.03125 0.028846153846153848
1 0.18509615384615385 0.44471153846153844 0.03125 0.028846153846153848
1 0.2247596153846154 0.39302884615384615 0.04326923076923077 0.03125
1 0.22235576923076922 0.4182692307692308 0.04567307692307692 0.036057692307692304
1 0.21514423076923078 0.44711538461538464 0.036057692307692304 0.036057692307692304
1 0.22716346153846154 0.36778846153846156 0.019230769230769232 0.028846153846153848
1 0.296875 0.36778846153846156 0.04326923076923077 0.03365384615384615
1 0.2932692307692308 0.39663461538461536 0.04567307692307692 0.036057692307692304
1 0.28966346153846156 0.4254807692307692 0.04567307692307692 0.03365384615384615
1 0.28725961538461536 0.45072115384615385 0.04567307692307692 0.03365384615384615
1 0.3269230769230769 0.36778846153846156 0.021634615384615384 0.03365384615384615
1 0.32211538461538464 0.39663461538461536 0.021634615384615384 0.03125
1 0.32091346153846156 0.4254807692307692 0.019230769230769232 0.028846153846153848
1 0.3161057692307692 0.4543269230769231 0.016826923076923076 0.028846153846153848
1 0.34375 0.3701923076923077 0.016826923076923076 0.028846153846153848
1 0.3581730769230769 0.3713942307692308 0.019230769230769232 0.028846153846153848
1 0.37259615384615385 0.37259615384615385 0.016826923076923076 0.03125
1 0.35336538461538464 0.40024038461538464 0.04807692307692308 0.03125
1 0.34615384615384615 0.4266826923076923 0.036057692307692304 0.028846153846153848
1 0.3425480769230769 0.4543269230769231 0.036057692307692304 0.036057692307692304
1 0.3786057692307692 0.4254807692307692 0.036057692307692304 0.03125
1 0.3762019230769231 0.453125 0.036057692307692304 0.03125
1 0.4014423076923077 0.40024038461538464 0.04567307692307692 0.03125
1 0.41586538461538464 0.4266826923076923 0.04567307692307692 0.036057692307692304
1 0.4110576923076923 0.45552884615384615 0.04567307692307692 0.03365384615384615
1 0.4326923076923077 0.40024038461538464 0.021634615384615384 0.028846153846153848
1 0.4206730769230769 0.37740384615384615 0.05048076923076923 0.028846153846153848
1 0.45072115384615385 0.3786057692307692 0.016826923076923076 0.02403846153846154
1 0.4519230769230769 0.4014423076923077 0.02403846153846154 0.028846153846153848
1 0.4483173076923077 0.43028846153846156 0.02403846153846154 0.03125
1 0.44591346153846156 0.4579326923076923 0.021634615384615384 0.028846153846153848
1 0.4675480769230769 0.38100961538461536 0.016826923076923076 0.021634615384615384
1 0.47716346153846156 0.40625 0.036057692307692304 0.03125
1 0.47475961538461536 0.43149038461538464 0.038461538461538464 0.036057692307692304
1 0.47115384615384615 0.45913461538461536 0.038461538461538464 0.03365384615384615
1 0.5204326923076923 0.3762019230769231 0.04807692307692308 0.03125
1 0.5180288461538461 0.4014423076923077 0.04807692307692308 0.03125
1 0.5096153846153846 0.43028846153846156 0.038461538461538464 0.038461538461538464
1 0.5072115384615384 0.4579326923076923 0.036057692307692304 0.036057692307692304
1 0.5456730769230769 0.40865384615384615 0.036057692307692304 0.028846153846153848
1 0.5432692307692307 0.43509615384615385 0.036057692307692304 0.03125
1 0.5396634615384616 0.46274038461538464 0.038461538461538464 0.03365384615384615
1 0.5504807692307693 0.3762019230769231 0.016826923076923076 0.02403846153846154
1 0.5685096153846154 0.375 0.016826923076923076 0.02403846153846154
1 0.5853365384615384 0.37740384615384615 0.016826923076923076 0.02403846153846154
1 0.5877403846153846 0.4050480769230769 0.04807692307692308 0.03365384615384615
1 0.578125 0.43509615384615385 0.036057692307692304 0.03125
1 0.5733173076923077 0.4639423076923077 0.036057692307692304 0.028846153846153848
1 0.6021634615384616 0.3786057692307692 0.019230769230769232 0.028846153846153848
1 0.6189903846153846 0.3798076923076923 0.019230769230769232 0.028846153846153848
1 0.6177884615384616 0.40865384615384615 0.021634615384615384 0.03365384615384615
1 0.6129807692307693 0.43990384615384615 0.038461538461538464 0.036057692307692304
1 0.6081730769230769 0.46634615384615385 0.040865384615384616 0.03365384615384615
1 0.65625 0.4074519230769231 0.05048076923076923 0.03365384615384615
1 0.6346153846153846 0.38100961538461536 0.019230769230769232 0.028846153846153848
1 0.6490384615384616 0.3798076923076923 0.016826923076923076 0.028846153846153848
1 0.6538461538461539 0.4362980769230769 0.05048076923076923 0.03365384615384615
1 0.6526442307692307 0.46634615384615385 0.052884615384615384 0.038461538461538464
1 0.6694711538461539 0.38461538461538464 0.016826923076923076 0.021634615384615384
1 0.6838942307692307 0.3858173076923077 0.016826923076923076 0.019230769230769232
1 0.7007211538461539 0.38822115384615385 0.016826923076923076 0.019230769230769232
1 0.7163461538461539 0.3894230769230769 0.016826923076923076 0.021634615384615384
1 0.7307692307692307 0.3918269230769231 0.016826923076923076 0.021634615384615384
1 0.6862980769230769 0.4110576923076923 0.019230769230769232 0.028846153846153848
1 0.6862980769230769 0.43990384615384615 0.019230769230769232 0.03125
1 0.6850961538461539 0.46875 0.019230769230769232 0.03365384615384615
1 0.6995192307692307 0.4699519230769231 0.019230769230769232 0.03365384615384615
1 0.703125 0.4387019230769231 0.019230769230769232 0.028846153846153848
1 0.703125 0.41225961538461536 0.021634615384615384 0.028846153846153848
1 0.7211538461538461 0.41586538461538464 0.02403846153846154 0.028846153846153848
1 0.7391826923076923 0.4170673076923077 0.019230769230769232 0.028846153846153848
1 0.7548076923076923 0.41947115384615385 0.021634615384615384 0.028846153846153848
1 0.7704326923076923 0.41947115384615385 0.016826923076923076 0.028846153846153848
1 0.7860576923076923 0.4230769230769231 0.019230769230769232 0.028846153846153848