1 0.12860576923076922 0.4326923076923077 0.028846153846153848 0.03125
1 0.12620192307692307 0.45913461538461536 0.028846153846153848 0.028846153846153848
1 0.15625 0.41225961538461536 0.028846153846153848 0.028846153846153848
1 0.15625 0.4387019230769231 0.03125 0.028846153846153848
1 0.15384615384615385 0.4651442307692308 0.028846153846153848 0.02403846153846154
1 0.1935096153846154 0.38341346153846156 0.04326923076923077 0.028846153846153848
1 0.18629807692307693 0.4074519230769231 0.03365384615384615 0.028846153846153848
1 0.18389423076923078 0.43509615384615385 0.028846153846153848 0.028846153846153848
1 0.18269230769230768 0.46153846153846156 0.028846153846153848 0.028846153846153848
1 0.21995192307692307 0.4074519230769231 0.040865384615384616 0.028846153846153848
1 0.21875 0.4338942307692308 0.04326923076923077 0.03365384615384615
1 0.2127403846153846 0.46153846153846156 0.03365384615384615 0.03365384615384615
1 0.22115384615384615 0.38221153846153844 0.016826923076923076 0.026442307692307692
1 0.28966346153846156 0.3786057692307692 0.040865384615384616 0.03125
1 0.28846153846153844 0.4074519230769231 0.04326923076923077 0.03365384615384615
1 0.2860576923076923 0.4375 0.04326923076923077 0.03125
1 0.2848557692307692 0.46274038461538464 0.04326923076923077 0.03125
1 0.31971153846153844 0.37740384615384615 0.019230769230769232 0.03365384615384615
1 0.3173076923076923 0.40625 0.019230769230769232 0.028846153846153848
1 0.3173076923076923 0.43509615384615385 0.016826923076923076 0.026442307692307692
1 0.3137019230769231 0.4639423076923077 0.016826923076923076 0.026442307692307692
1 0.33653846153846156 0.3786057692307692 0.016826923076923076 0.026442307692307692
1 0.35096153846153844 0.3786057692307692 0.016826923076923076 0.026442307692307692
1 0.36658653846153844 0.3798076923076923 0.016826923076923076 0.028846153846153848
1 0.3485576923076923 0.4074519230769231 0.04567307692307692 0.028846153846153848
1 0.3425480769230769 0.43509615384615385 0.03365384615384615 0.028846153846153848
1 0.3401442307692308 0.46274038461538464 0.03365384615384615 0.03365384615384615
1 0.375 0.43149038461538464 0.03365384615384615 0.03125
1 0.3737980769230769 0.45913461538461536 0.03365384615384615 0.03125
1 0.39663461538461536 0.4050480769230769 0.04326923076923077 0.028846153846153848
1 0.41225961538461536 0.43149038461538464 0.04326923076923077 0.03365384615384615
1 0.4098557692307692 0.46033653846153844 0.04326923076923077 0.03125
1 0.42788461538461536 0.40384615384615385 0.019230769230769232 0.026442307692307692
1 0.41466346153846156 0.38100961538461536 0.04807692307692308 0.026442307692307692
1 0.44471153846153844 0.38100961538461536 0.016826923076923076 0.02403846153846154
1 0.44711538461538464 0.4050480769230769 0.021634615384615384 0.026442307692307692
1 0.44471153846153844 0.4338942307692308 0.021634615384615384 0.028846153846153848
1 0.44471153846153844 0.46153846153846156 0.019230769230769232 0.026442307692307692
1 0.46153846153846156 0.38221153846153844 0.014423076923076924 0.021634615384615384
1 0.4723557692307692 0.4074519230769231 0.036057692307692304 0.03125
1 0.47115384615384615 0.4338942307692308 0.038461538461538464 0.03365384615384615
1 0.4699519230769231 0.46153846153846156 0.038461538461538464 0.03125
1 0.5132211538461539 0.375 0.04567307692307692 0.028846153846153848
1 0.5120192307692307 0.40024038461538464 0.04567307692307692 0.028846153846153848
1 0.5060096153846154 0.42908653846153844 0.038461538461538464 0.036057692307692304
1 0.5048076923076923 0.4579326923076923 0.036057692307692304 0.03365384615384615
1 0.5408653846153846 0.40625 0.036057692307692304 0.028846153846153848
1 0.5396634615384616 0.4338942307692308 0.036057692307692304 0.03125
1 0.5384615384615384 0.46153846153846156 0.038461538461538464 0.03125
1 0.5444711538461539 0.3737980769230769 0.016826923076923076 0.02403846153846154
1 0.5625 0.37259615384615385 0.016826923076923076 0.02403846153846154
1 0.5793269230769231 0.37259615384615385 0.016826923076923076 0.02403846153846154
1 0.5817307692307693 0.40024038461538464 0.04807692307692308 0.03125
1 0.5745192307692307 0.43149038461538464 0.036057692307692304 0.03125
1 0.5721153846153846 0.46033653846153844 0.03365384615384615 0.028846153846153848
1 0.5961538461538461 0.3737980769230769 0.016826923076923076 0.026442307692307692
1 0.6129807692307693 0.3737980769230769 0.016826923076923076 0.026442307692307692
1 0.6129807692307693 0.4026442307692308 0.019230769230769232 0.03365384615384615
1 0.609375 0.4338942307692308 0.038461538461538464 0.03365384615384615
1 0.6069711538461539 0.46153846153846156 0.040865384615384616 0.03125
1 0.6514423076923077 0.39903846153846156 0.05048076923076923 0.03125
1 0.6286057692307693 0.3737980769230769 0.016826923076923076 0.026442307692307692
1 0.6430288461538461 0.37259615384615385 0.016826923076923076 0.026442307692307692
1 0.6502403846153846 0.42788461538461536 0.05048076923076923 0.03125
1 0.6502403846153846 0.4579326923076923 0.052884615384615384 0.036057692307692304
1 0.6634615384615384 0.3762019230769231 0.016826923076923076 0.021634615384615384
1 0.6778846153846154 0.37740384615384615 0.016826923076923076 0.016826923076923076
1 0.6947115384615384 0.37740384615384615 0.016826923076923076 0.016826923076923076
1 0.7103365384615384 0.3786057692307692 0.016826923076923076 0.021634615384615384
1 0.7247596153846154 0.3798076923076923 0.016826923076923076 0.021634615384615384
1 0.6814903846153846 0.4014423076923077 0.016826923076923076 0.026442307692307692
1 0.6826923076923077 0.43028846153846156 0.016826923076923076 0.028846153846153848
1 0.6826923076923077 0.45913461538461536 0.016826923076923076 0.03365384615384615
1 0.6983173076923077 0.46033653846153844 0.016826923076923076 0.03365384615384615
1 0.6995192307692307 0.42908653846153844 0.016826923076923076 0.026442307692307692
1 0.6971153846153846 0.4014423076923077 0.019230769230769232 0.026442307692307692
1 0.7163461538461539 0.40384615384615385 0.021634615384615384 0.026442307692307692
1 0.734375 0.4050480769230769 0.016826923076923076 0.026442307692307692
1 0.75 0.40625 0.019230769230769232 0.026442307692307692
1 0.765625 0.4050480769230769 0.016826923076923076 0.026442307692307692
1 0.78125 0.4074519230769231 0.016826923076923076 0.026442307692307692