1 0.06370192307692307 0.43149038461538464 0.021634615384615384 0.03125
1 0.0673076923076923 0.46033653846153844 0.021634615384615384 0.036057692307692304
1 0.06971153846153846 0.4891826923076923 0.019230769230769232 0.036057692307692304
1 0.0733173076923077 0.5192307692307693 0.019230769230769232 0.038461538461538464
1 0.0889423076923077 0.42788461538461536 0.036057692307692304 0.036057692307692304
1 0.09254807692307693 0.45913461538461536 0.036057692307692304 0.036057692307692304
1 0.09615384615384616 0.49399038461538464 0.036057692307692304 0.038461538461538464
1 0.0985576923076923 0.5228365384615384 0.036057692307692304 0.036057692307692304
1 0.11538461538461539 0.4266826923076923 0.02403846153846154 0.036057692307692304
1 0.13341346153846154 0.42427884615384615 0.021634615384615384 0.03125
1 0.12139423076923077 0.46634615384615385 0.021634615384615384 0.038461538461538464
1 0.125 0.5 0.02403846153846154 0.040865384615384616
1 0.12860576923076922 0.5324519230769231 0.02403846153846154 0.040865384615384616
1 0.14182692307692307 0.4639423076923077 0.028846153846153848 0.04326923076923077
1 0.14543269230769232 0.5 0.026442307692307692 0.040865384615384616
1 0.14903846153846154 0.5360576923076923 0.026442307692307692 0.04326923076923077
1 0.1658653846153846 0.39302884615384615 0.04326923076923077 0.04326923076923077
1 0.16947115384615385 0.42788461538461536 0.04326923076923077 0.04326923076923077
1 0.16346153846153846 0.4651442307692308 0.028846153846153848 0.04326923076923077
1 0.16826923076923078 0.5036057692307693 0.026442307692307692 0.04326923076923077
1 0.171875 0.5420673076923077 0.028846153846153848 0.04807692307692308
1 0.1971153846153846 0.3942307692307692 0.028846153846153848 0.038461538461538464
1 0.20192307692307693 0.43028846153846156 0.02403846153846154 0.036057692307692304
1 0.19831730769230768 0.46634615384615385 0.04807692307692308 0.04567307692307692
1 0.20192307692307693 0.5072115384615384 0.04807692307692308 0.05048076923076923
1 0.20432692307692307 0.5444711538461539 0.04807692307692308 0.05048076923076923
1 0.24278846153846154 0.39663461538461536 0.05048076923076923 0.05048076923076923
1 0.24519230769230768 0.4387019230769231 0.05048076923076923 0.05048076923076923
1 0.24278846153846154 0.4807692307692308 0.03125 0.04567307692307692
1 0.24639423076923078 0.5204326923076923 0.03125 0.04567307692307692
1 0.25 0.5600961538461539 0.03125 0.04326923076923077
1 0.2704326923076923 0.47836538461538464 0.03365384615384615 0.05048076923076923
1 0.27283653846153844 0.5228365384615384 0.036057692307692304 0.05048076923076923
1 0.2764423076923077 0.5637019230769231 0.036057692307692304 0.055288461538461536
1 0.2932692307692308 0.39663461538461536 0.036057692307692304 0.04807692307692308
1 0.2980769230769231 0.4387019230769231 0.038461538461538464 0.05048076923076923
1 0.30288461538461536 0.4831730769230769 0.038461538461538464 0.055288461538461536
1 0.30528846153846156 0.5264423076923077 0.038461538461538464 0.055288461538461536
1 0.31009615384615385 0.5697115384615384 0.036057692307692304 0.055288461538461536
1 0.35697115384615385 0.3473557692307692 0.0625 0.057692307692307696
1 0.33653846153846156 0.39783653846153844 0.057692307692307696 0.04807692307692308
1 0.34134615384615385 0.4411057692307692 0.057692307692307696 0.052884615384615384
1 0.34615384615384615 0.4855769230769231 0.0625 0.057692307692307696
1 0.34975961538461536 0.5324519230769231 0.0625 0.0625
1 0.34615384615384615 0.5805288461538461 0.04567307692307692 0.057692307692307696
1 0.37740384615384615 0.3918269230769231 0.03125 0.04567307692307692
1 0.38221153846153844 0.4387019230769231 0.03365384615384615 0.05048076923076923
1 0.4254807692307692 0.4182692307692308 0.0673076923076923 0.055288461538461536
1 0.42908653846153844 0.4651442307692308 0.0673076923076923 0.06490384615384616
1 0.4338942307692308 0.5132211538461539 0.06971153846153846 0.06009615384615385
1 0.4375 0.5552884615384616 0.0673076923076923 0.06009615384615385
1 0.44471153846153844 0.36899038461538464 0.0673076923076923 0.055288461538461536
1 0.46634615384615385 0.41346153846153844 0.03125 0.04807692307692308
1 0.4423076923076923 0.6021634615384616 0.0673076923076923 0.06490384615384616
1 0.47115384615384615 0.45913461538461536 0.03125 0.04807692307692308
1 0.47596153846153844 0.5036057692307693 0.03125 0.04807692307692308
1 0.48197115384615385 0.5540865384615384 0.03125 0.04807692307692308
1 0.48677884615384615 0.5997596153846154 0.03125 0.05048076923076923
1 0.4891826923076923 0.35697115384615385 0.03125 0.04326923076923077
1 0.5168269230769231 0.35336538461538464 0.03125 0.04326923076923077
1 0.5432692307692307 0.35096153846153844 0.03125 0.038461538461538464
1 0.5168269230769231 0.4026442307692308 0.07932692307692307 0.0673076923076923
1 0.5216346153846154 0.4579326923076923 0.07692307692307693 0.0673076923076923
1 0.5264423076923077 0.5132211538461539 0.07932692307692307 0.06971153846153846
1 0.53125 0.5649038461538461 0.07932692307692307 0.07211538461538461
1 0.5372596153846154 0.6201923076923077 0.07692307692307693 0.07692307692307693
1 0.5685096153846154 0.39903846153846156 0.038461538461538464 0.06009615384615385
1 0.5733173076923077 0.4543269230769231 0.038461538461538464 0.0625
1 0.5757211538461539 0.5096153846153846 0.036057692307692304 0.0625
1 0.5817307692307693 0.5649038461538461 0.038461538461538464 0.06009615384615385
1 0.5877403846153846 0.6213942307692307 0.036057692307692304 0.06009615384615385
1 0.5961538461538461 0.3425480769230769 0.08173076923076923 0.06490384615384616
1 0.5961538461538461 0.3954326923076923 0.03365384615384615 0.055288461538461536
1 0.6021634615384616 0.4519230769230769 0.036057692307692304 0.057692307692307696
1 0.6081730769230769 0.5060096153846154 0.038461538461538464 0.06009615384615385
1 0.6129807692307693 0.5637019230769231 0.038461538461538464 0.06009615384615385
1 0.6177884615384616 0.6177884615384616 0.038461538461538464 0.06009615384615385
1 0.6237980769230769 0.39783653846153844 0.036057692307692304 0.06009615384615385
1 0.6490384615384616 0.3389423076923077 0.038461538461538464 0.06009615384615385
1 0.6538461538461539 0.39302884615384615 0.038461538461538464 0.057692307692307696
1 0.6790865384615384 0.3449519230769231 0.03125 0.04807692307692308
1 0.6850961538461539 0.390625 0.036057692307692304 0.05048076923076923
1 0.6658653846153846 0.4519230769230769 0.0889423076923077 0.07211538461538461
1 0.6706730769230769 0.5036057692307693 0.0889423076923077 0.07211538461538461
1 0.6754807692307693 0.5540865384615384 0.0889423076923077 0.07211538461538461
1 0.6802884615384616 0.6069711538461539 0.0889423076923077 0.07932692307692307
1 0.6875 0.6646634615384616 0.09134615384615384 0.08413461538461539
1 0.7211538461538461 0.44591346153846156 0.038461538461538464 0.0625
1 0.7403846153846154 0.3269230769230769 0.08413461538461539 0.06490384615384616
1 0.7463942307692307 0.3798076923076923 0.08653846153846154 0.06490384615384616
1 0.7932692307692307 0.32211538461538464 0.036057692307692304 0.06009615384615385
1 0.7980769230769231 0.37259615384615385 0.036057692307692304 0.055288461538461536
1 0.8233173076923077 0.3173076923076923 0.036057692307692304 0.055288461538461536
1 0.8509615384615384 0.31490384615384615 0.036057692307692304 0.055288461538461536
1 0.828125 0.3701923076923077 0.038461538461538464 0.06009615384615385
1 0.8569711538461539 0.36538461538461536 0.03365384615384615 0.057692307692307696
1 0.8858173076923077 0.3629807692307692 0.036057692307692304 0.06009615384615385
1 0.890625 0.4182692307692308 0.036057692307692304 0.057692307692307696
1 0.7259615384615384 0.5012019230769231 0.038461538461538464 0.057692307692307696
1 0.7331730769230769 0.5576923076923077 0.038461538461538464 0.0625
1 0.7379807692307693 0.6129807692307693 0.038461538461538464 0.0625
1 0.7451923076923077 0.6670673076923077 0.038461538461538464 0.057692307692307696
1 0.7512019230769231 0.4375 0.038461538461538464 0.0625
1 0.7560096153846154 0.4951923076923077 0.038461538461538464 0.0625
1 0.7632211538461539 0.5516826923076923 0.038461538461538464 0.06009615384615385
1 0.7692307692307693 0.609375 0.038461538461538464 0.0625
1 0.7752403846153846 0.6670673076923077 0.040865384615384616 0.0625
1 0.78125 0.43509615384615385 0.038461538461538464 0.06009615384615385
1 0.7872596153846154 0.49158653846153844 0.036057692307692304 0.06009615384615385
1 0.7920673076923077 0.5480769230769231 0.036057692307692304 0.0625
1 0.7992788461538461 0.6057692307692307 0.036057692307692304 0.0625
1 0.8028846153846154 0.6610576923076923 0.036057692307692304 0.06009615384615385
1 0.8137019230769231 0.44711538461538464 0.036057692307692304 0.0625
1 0.8185096153846154 0.5024038461538461 0.036057692307692304 0.057692307692307696
1 0.8245192307692307 0.5540865384615384 0.038461538461538464 0.057692307692307696
1 0.8293269230769231 0.6045673076923077 0.038461538461538464 0.057692307692307696
1 0.8341346153846154 0.6574519230769231 0.038461538461538464 0.057692307692307696
1 0.8425480769230769 0.44591346153846156 0.038461538461538464 0.06009615384615385
1 0.8485576923076923 0.4987980769230769 0.038461538461538464 0.06009615384615385
1 0.8545673076923077 0.5504807692307693 0.038461538461538464 0.057692307692307696
1 0.8581730769230769 0.6009615384615384 0.036057692307692304 0.055288461538461536
1 0.8653846153846154 0.6538461538461539 0.036057692307692304 0.057692307692307696
1 0.8737980769230769 0.4423076923076923 0.036057692307692304 0.057692307692307696
1 0.8774038461538461 0.49399038461538464 0.036057692307692304 0.057692307692307696
1 0.8834134615384616 0.5456730769230769 0.036057692307692304 0.06009615384615385
1 0.8882211538461539 0.5985576923076923 0.036057692307692304 0.055288461538461536
1 0.8930288461538461 0.6454326923076923 0.036057692307692304 0.055288461538461536