1 0.8028846153846154 0.7007211538461539 0.3918269230769231 0.4182692307692308
1 0.7752403846153846 0.8425480769230769 0.3870192307692308 0.31490384615384615
1 0.5853365384615384 0.5264423076923077 0.375 0.27163461538461536
1 0.5637019230769231 0.6610576923076923 0.1875 0.16346153846153846
1 0.45552884615384615 0.5985576923076923 0.09375 0.1201923076923077
1 0.34615384615384615 0.41225961538461536 0.23798076923076922 0.1658653846153846
1 0.3557692307692308 0.5024038461538461 0.16105769230769232 0.10096153846153846
1 0.26322115384615385 0.46875 0.0625 0.07692307692307693
1 0.19831730769230768 0.35096153846153844 0.18990384615384615 0.12740384615384615
1 0.19591346153846154 0.41947115384615385 0.10336538461538461 0.06490384615384616
1 0.13221153846153846 0.39783653846153844 0.052884615384615384 0.055288461538461536
1 0.07572115384615384 0.36778846153846156 0.09134615384615384 0.057692307692307696
1 0.08413461538461539 0.3137019230769231 0.13221153846153846 0.0985576923076923