1 0.7992788461538461 0.7067307692307693 0.39903846153846156 0.4230769230769231
1 0.7680288461538461 0.84375 0.3918269230769231 0.3125
1 0.5853365384615384 0.5288461538461539 0.37740384615384615 0.2764423076923077
1 0.5600961538461539 0.6622596153846154 0.18990384615384615 0.1658653846153846
1 0.453125 0.5985576923076923 0.09615384615384616 0.12259615384615384
1 0.3473557692307692 0.4098557692307692 0.2403846153846154 0.16826923076923078
1 0.3557692307692308 0.5 0.16346153846153846 0.10336538461538461
1 0.26322115384615385 0.4639423076923077 0.06490384615384616 0.07692307692307693
1 0.20072115384615385 0.34615384615384615 0.18990384615384615 0.13221153846153846
1 0.19831730769230768 0.41346153846153844 0.10336538461538461 0.0673076923076923
1 0.13341346153846154 0.3918269230769231 0.052884615384615384 0.055288461538461536
1 0.078125 0.3605769230769231 0.09134615384615384 0.057692307692307696
1 0.08774038461538461 0.30649038461538464 0.13221153846153846 0.10096153846153846