1 0.4423076923076923 0.4699519230769231 0.18509615384615385 0.19230769230769232
1 0.34375 0.47596153846153844 0.052884615384615384 0.12740384615384615
1 0.3076923076923077 0.47115384615384615 0.08173076923076923 0.14182692307692307
1 0.265625 0.4735576923076923 0.04326923076923077 0.10817307692307693
1 0.23798076923076922 0.4735576923076923 0.05048076923076923 0.10576923076923077
1 0.21514423076923078 0.47475961538461536 0.036057692307692304 0.0889423076923077
1 0.1935096153846154 0.46634615384615385 0.04326923076923077 0.09375
1 0.16105769230769232 0.4651442307692308 0.038461538461538464 0.08413461538461539
1 0.13942307692307693 0.4639423076923077 0.028846153846153848 0.0673076923076923
1 0.125 0.4651442307692308 0.019230769230769232 0.0625
1 0.10817307692307693 0.4639423076923077 0.019230769230769232 0.055288461538461536
1 0.0985576923076923 0.46634615384615385 0.01201923076923077 0.05048076923076923
1 0.09134615384615384 0.46634615384615385 0.016826923076923076 0.04807692307692308
1 0.0829326923076923 0.46875 0.014423076923076924 0.04807692307692308
1 0.07692307692307693 0.4651442307692308 0.01201923076923077 0.04567307692307692
1 0.07091346153846154 0.4675480769230769 0.01201923076923077 0.04567307692307692
1 0.06370192307692307 0.46634615384615385 0.01201923076923077 0.036057692307692304