1 0.4423076923076923 0.47115384615384615 0.18269230769230768 0.18990384615384615
1 0.34375 0.4795673076923077 0.05048076923076923 0.125
1 0.30649038461538464 0.4735576923076923 0.08173076923076923 0.14182692307692307
1 0.265625 0.47836538461538464 0.040865384615384616 0.10817307692307693
1 0.23677884615384615 0.47716346153846156 0.05048076923076923 0.10576923076923077
1 0.21514423076923078 0.4795673076923077 0.03365384615384615 0.0889423076923077
1 0.1935096153846154 0.47115384615384615 0.04326923076923077 0.09375
1 0.16105769230769232 0.4699519230769231 0.038461538461538464 0.08413461538461539
1 0.13942307692307693 0.4699519230769231 0.026442307692307692 0.0673076923076923
1 0.12379807692307693 0.47115384615384615 0.019230769230769232 0.0625
1 0.10697115384615384 0.4699519230769231 0.019230769230769232 0.055288461538461536
1 0.0985576923076923 0.4735576923076923 0.009615384615384616 0.05048076923076923
1 0.09134615384615384 0.4723557692307692 0.016826923076923076 0.04807692307692308
1 0.08173076923076923 0.47596153846153844 0.01201923076923077 0.04807692307692308
1 0.07692307692307693 0.4723557692307692 0.01201923076923077 0.04567307692307692
1 0.06971153846153846 0.47475961538461536 0.01201923076923077 0.04567307692307692
1 0.0625 0.4735576923076923 0.01201923076923077 0.036057692307692304