1 0.08052884615384616 0.3557692307692308 0.04326923076923077 0.019230769230769232
1 0.07932692307692307 0.36778846153846156 0.04326923076923077 0.016826923076923076
1 0.07572115384615384 0.3798076923076923 0.040865384615384616 0.019230769230769232
1 0.0733173076923077 0.3918269230769231 0.040865384615384616 0.019230769230769232
1 0.07091346153846154 0.40625 0.040865384615384616 0.019230769230769232
1 0.1141826923076923 0.3954326923076923 0.040865384615384616 0.019230769230769232
1 0.11057692307692307 0.4098557692307692 0.040865384615384616 0.021634615384615384
1 0.15625 0.3918269230769231 0.040865384615384616 0.016826923076923076
1 0.15264423076923078 0.4026442307692308 0.040865384615384616 0.019230769230769232
1 0.15144230769230768 0.4170673076923077 0.040865384615384616 0.019230769230769232
1 0.16105769230769232 0.38100961538461536 0.036057692307692304 0.016826923076923076
1 0.203125 0.3713942307692308 0.04326923076923077 0.019230769230769232
1 0.19951923076923078 0.38461538461538464 0.04326923076923077 0.016826923076923076
1 0.1971153846153846 0.39663461538461536 0.04326923076923077 0.019230769230769232
1 0.19591346153846154 0.40865384615384615 0.04326923076923077 0.019230769230769232
1 0.19230769230769232 0.4230769230769231 0.04326923076923077 0.021634615384615384
1 0.2920673076923077 0.38221153846153844 0.04326923076923077 0.019230769230769232
1 0.29086538461538464 0.3942307692307692 0.04326923076923077 0.019230769230769232
1 0.28725961538461536 0.4098557692307692 0.04326923076923077 0.019230769230769232
1 0.2848557692307692 0.4230769230769231 0.040865384615384616 0.019230769230769232
1 0.28365384615384615 0.43509615384615385 0.040865384615384616 0.021634615384615384
1 0.33052884615384615 0.40024038461538464 0.040865384615384616 0.016826923076923076
1 0.3293269230769231 0.41225961538461536 0.040865384615384616 0.019230769230769232
1 0.3269230769230769 0.4266826923076923 0.040865384615384616 0.019230769230769232
1 0.3245192307692308 0.4411057692307692 0.040865384615384616 0.021634615384615384
1 0.3449519230769231 0.3894230769230769 0.03365384615384615 0.016826923076923076
1 0.3798076923076923 0.3942307692307692 0.038461538461538464 0.016826923076923076
1 0.37259615384615385 0.4050480769230769 0.04567307692307692 0.021634615384615384
1 0.3701923076923077 0.4206730769230769 0.04567307692307692 0.021634615384615384
1 0.3701923076923077 0.4326923076923077 0.040865384615384616 0.019230769230769232
1 0.36658653846153844 0.44711538461538464 0.040865384615384616 0.021634615384615384
1 0.4182692307692308 0.40024038461538464 0.04326923076923077 0.019230769230769232
1 0.41586538461538464 0.4110576923076923 0.04326923076923077 0.019230769230769232
1 0.41346153846153844 0.4266826923076923 0.040865384615384616 0.019230769230769232
1 0.4110576923076923 0.4411057692307692 0.04326923076923077 0.019230769230769232
1 0.4074519230769231 0.45552884615384615 0.04326923076923077 0.019230769230769232
1 0.45913461538461536 0.4074519230769231 0.04326923076923077 0.019230769230769232
1 0.45913461538461536 0.4182692307692308 0.04326923076923077 0.019230769230769232
1 0.4567307692307692 0.4338942307692308 0.04326923076923077 0.021634615384615384
1 0.4543269230769231 0.44471153846153844 0.04326923076923077 0.019230769230769232
1 0.4519230769230769 0.45913461538461536 0.04326923076923077 0.019230769230769232
1 0.5024038461538461 0.41466346153846156 0.040865384615384616 0.019230769230769232
1 0.5 0.42788461538461536 0.04326923076923077 0.019230769230769232
1 0.4987980769230769 0.4423076923076923 0.04326923076923077 0.019230769230769232
1 0.49759615384615385 0.4543269230769231 0.04567307692307692 0.019230769230769232
1 0.4963942307692308 0.4675480769230769 0.04326923076923077 0.016826923076923076
1 0.5444711538461539 0.421875 0.04567307692307692 0.019230769230769232
1 0.5444711538461539 0.4338942307692308 0.04326923076923077 0.016826923076923076
1 0.5420673076923077 0.44591346153846156 0.04326923076923077 0.019230769230769232
1 0.5396634615384616 0.46033653846153844 0.04326923076923077 0.019230769230769232
1 0.5372596153846154 0.47475961538461536 0.04326923076923077 0.019230769230769232
1 0.5925480769230769 0.4254807692307692 0.04567307692307692 0.019230769230769232
1 0.5901442307692307 0.43990384615384615 0.04326923076923077 0.019230769230769232
1 0.5877403846153846 0.453125 0.04326923076923077 0.019230769230769232
1 0.5853365384615384 0.4675480769230769 0.04326923076923077 0.016826923076923076
1 0.5841346153846154 0.4807692307692308 0.04326923076923077 0.019230769230769232
1 0.6322115384615384 0.44591346153846156 0.04567307692307692 0.019230769230769232
1 0.6298076923076923 0.4579326923076923 0.04326923076923077 0.016826923076923076
1 0.6274038461538461 0.4735576923076923 0.04567307692307692 0.021634615384615384
1 0.625 0.48677884615384615 0.04567307692307692 0.021634615384615384
1 0.6766826923076923 0.4519230769230769 0.04807692307692308 0.02403846153846154
1 0.6742788461538461 0.4651442307692308 0.04807692307692308 0.021634615384615384
1 0.6730769230769231 0.4795673076923077 0.04807692307692308 0.021634615384615384
1 0.6706730769230769 0.4951923076923077 0.04807692307692308 0.02403846153846154
1 0.7524038461538461 0.4795673076923077 0.02403846153846154 0.014423076923076924
1 0.7487980769230769 0.49158653846153844 0.02403846153846154 0.016826923076923076
1 0.7451923076923077 0.5048076923076923 0.02403846153846154 0.016826923076923076
1 0.7740384615384616 0.4831730769230769 0.026442307692307692 0.014423076923076924
1 0.7728365384615384 0.4963942307692308 0.026442307692307692 0.016826923076923076
1 0.7692307692307693 0.5084134615384616 0.026442307692307692 0.016826923076923076
1 0.7944711538461539 0.4855769230769231 0.019230769230769232 0.014423076923076924
1 0.8088942307692307 0.5 0.04807692307692308 0.021634615384615384
1 0.8052884615384616 0.5144230769230769 0.05048076923076923 0.02403846153846154
1 0.8449519230769231 0.4951923076923077 0.028846153846153848 0.016826923076923076
1 0.8413461538461539 0.5060096153846154 0.028846153846153848 0.016826923076923076
1 0.8377403846153846 0.5180288461538461 0.019230769230769232 0.014423076923076924
1 0.8786057692307693 0.5012019230769231 0.038461538461538464 0.016826923076923076
1 0.8677884615384616 0.5096153846153846 0.021634615384615384 0.01201923076923077