1 0.2776442307692308 0.4495192307692308 0.0673076923076923 0.04807692307692308
1 0.2536057692307692 0.48677884615384615 0.019230769230769232 0.040865384615384616
1 0.25240384615384615 0.5240384615384616 0.021634615384615384 0.040865384615384616
1 0.25 0.5588942307692307 0.019230769230769232 0.040865384615384616
1 0.27403846153846156 0.47475961538461536 0.02403846153846154 0.04326923076923077
1 0.27283653846153844 0.5132211538461539 0.02403846153846154 0.04326923076923077
1 0.2704326923076923 0.5516826923076923 0.02403846153846154 0.04326923076923077
1 0.2980769230769231 0.4699519230769231 0.028846153846153848 0.05048076923076923
1 0.296875 0.5096153846153846 0.028846153846153848 0.04326923076923077
1 0.296875 0.5480769230769231 0.028846153846153848 0.04326923076923077
1 0.3425480769230769 0.38221153846153844 0.057692307692307696 0.0625
1 0.3401442307692308 0.4206730769230769 0.057692307692307696 0.06009615384615385
1 0.3401442307692308 0.46033653846153844 0.057692307692307696 0.055288461538461536
1 0.33774038461538464 0.5012019230769231 0.057692307692307696 0.055288461538461536
1 0.33413461538461536 0.5420673076923077 0.05048076923076923 0.052884615384615384
1 0.40024038461538464 0.3557692307692308 0.0625 0.0673076923076923
1 0.39903846153846156 0.4014423076923077 0.06009615384615385 0.06971153846153846
1 0.39783653846153844 0.4483173076923077 0.06009615384615385 0.06009615384615385
1 0.3954326923076923 0.49038461538461536 0.06009615384615385 0.055288461538461536
1 0.3918269230769231 0.53125 0.055288461538461536 0.052884615384615384
1 0.4651442307692308 0.32211538461538464 0.0673076923076923 0.07451923076923077
1 0.46274038461538464 0.3701923076923077 0.06971153846153846 0.06971153846153846
1 0.46033653846153844 0.4206730769230769 0.0673076923076923 0.06971153846153846
1 0.45913461538461536 0.46875 0.0673076923076923 0.0673076923076923
1 0.4543269230769231 0.5192307692307693 0.0625 0.0673076923076923
1 0.5336538461538461 0.3088942307692308 0.07211538461538461 0.07932692307692307
1 0.5300480769230769 0.36177884615384615 0.06971153846153846 0.07932692307692307
1 0.5300480769230769 0.41346153846153844 0.07211538461538461 0.07451923076923077
1 0.5276442307692307 0.46274038461538464 0.06971153846153846 0.06490384615384616
1 0.5264423076923077 0.5108173076923077 0.06490384615384616 0.0673076923076923
1 0.6189903846153846 0.2824519230769231 0.09134615384615384 0.08653846153846154
1 0.6141826923076923 0.3389423076923077 0.09134615384615384 0.08413461538461539
1 0.6141826923076923 0.3918269230769231 0.0889423076923077 0.07692307692307693
1 0.6117788461538461 0.4411057692307692 0.08653846153846154 0.07451923076923077
1 0.6069711538461539 0.49278846153846156 0.07932692307692307 0.07692307692307693
1 0.6490384615384616 0.22716346153846154 0.08653846153846154 0.0625
1 0.7512019230769231 0.20552884615384615 0.11538461538461539 0.07692307692307693
1 0.7079326923076923 0.2644230769230769 0.0985576923076923 0.08653846153846154
1 0.7043269230769231 0.3173076923076923 0.10096153846153846 0.09134615384615384
1 0.703125 0.3737980769230769 0.10096153846153846 0.0889423076923077
1 0.7019230769230769 0.42908653846153844 0.10096153846153846 0.07692307692307693
1 0.6959134615384616 0.48197115384615385 0.08653846153846154 0.06971153846153846
1 0.8112980769230769 0.2091346153846154 0.11778846153846154 0.10096153846153846
1 0.8076923076923077 0.27283653846153844 0.10817307692307693 0.0985576923076923
1 0.8064903846153846 0.33413461538461536 0.10576923076923077 0.09615384615384616
1 0.8064903846153846 0.39783653846153844 0.11057692307692307 0.09134615384615384
1 0.7980769230769231 0.4579326923076923 0.10096153846153846 0.09134615384615384
1 0.9507211538461539 0.11298076923076923 0.0985576923076923 0.11057692307692307
1 0.9302884615384616 0.18389423076923078 0.12980769230769232 0.11538461538461539
1 0.9266826923076923 0.2536057692307692 0.12980769230769232 0.11298076923076923
1 0.9254807692307693 0.31971153846153844 0.12740384615384615 0.10576923076923077
1 0.9254807692307693 0.3858173076923077 0.13221153846153846 0.09375
1 0.9170673076923077 0.44711538461538464 0.11778846153846154 0.09375