1 0.2824519230769231 0.43028846153846156 0.07211538461538461 0.055288461538461536
1 0.25600961538461536 0.4651442307692308 0.02403846153846154 0.040865384615384616
1 0.2512019230769231 0.5024038461538461 0.026442307692307692 0.04326923076923077
1 0.24639423076923078 0.5372596153846154 0.02403846153846154 0.040865384615384616
1 0.2764423076923077 0.45552884615384615 0.026442307692307692 0.04567307692307692
1 0.27283653846153844 0.49399038461538464 0.026442307692307692 0.04567307692307692
1 0.2668269230769231 0.53125 0.026442307692307692 0.04567307692307692
1 0.3016826923076923 0.453125 0.03365384615384615 0.05048076923076923
1 0.296875 0.49158653846153844 0.03125 0.04567307692307692
1 0.2932692307692308 0.5300480769230769 0.03125 0.04567307692307692
1 0.35336538461538464 0.36899038461538464 0.0625 0.06490384615384616
1 0.3485576923076923 0.4074519230769231 0.0625 0.0625
1 0.34375 0.44591346153846156 0.06009615384615385 0.06009615384615385
1 0.33774038461538464 0.48677884615384615 0.06009615384615385 0.06009615384615385
1 0.33052884615384615 0.5276442307692307 0.055288461538461536 0.057692307692307696
1 0.41346153846153844 0.3485576923076923 0.0673076923076923 0.07211538461538461
1 0.40865384615384615 0.3942307692307692 0.0673076923076923 0.07451923076923077
1 0.4026442307692308 0.43990384615384615 0.06490384615384616 0.06490384615384616
1 0.39663461538461536 0.48197115384615385 0.0625 0.06009615384615385
1 0.390625 0.5216346153846154 0.057692307692307696 0.057692307692307696
1 0.4807692307692308 0.31971153846153844 0.07211538461538461 0.07932692307692307
1 0.4735576923076923 0.36778846153846156 0.07451923076923077 0.07451923076923077
1 0.4675480769230769 0.4182692307692308 0.07211538461538461 0.07451923076923077
1 0.46274038461538464 0.4651442307692308 0.07211538461538461 0.07211538461538461
1 0.453125 0.515625 0.0673076923076923 0.07211538461538461
1 0.5504807692307693 0.3125 0.07932692307692307 0.08653846153846154
1 0.5420673076923077 0.36538461538461536 0.07692307692307693 0.08653846153846154
1 0.5372596153846154 0.4170673076923077 0.07692307692307693 0.08173076923076923
1 0.5300480769230769 0.4651442307692308 0.07451923076923077 0.06971153846153846
1 0.5252403846153846 0.5132211538461539 0.06971153846153846 0.07211538461538461
1 0.6370192307692307 0.2932692307692308 0.0985576923076923 0.09375
1 0.6274038461538461 0.34975961538461536 0.09615384615384616 0.09134615384615384
1 0.6225961538461539 0.4014423076923077 0.09375 0.08413461538461539
1 0.6165865384615384 0.45072115384615385 0.09375 0.08173076923076923
1 0.6081730769230769 0.5012019230769231 0.08413461538461539 0.08173076923076923
1 0.671875 0.24158653846153846 0.09134615384615384 0.06971153846153846
1 0.7764423076923077 0.2283653846153846 0.1201923076923077 0.08653846153846154
1 0.7271634615384616 0.28365384615384615 0.10336538461538461 0.09615384615384616
1 0.7199519230769231 0.33533653846153844 0.10817307692307693 0.0985576923076923
1 0.7127403846153846 0.3918269230769231 0.10576923076923077 0.09615384615384616
1 0.7079326923076923 0.44711538461538464 0.10576923076923077 0.08413461538461539
1 0.6971153846153846 0.4987980769230769 0.09134615384615384 0.07692307692307693
1 0.8353365384615384 0.23798076923076922 0.125 0.11057692307692307
1 0.8269230769230769 0.3004807692307692 0.11778846153846154 0.10817307692307693
1 0.8197115384615384 0.36177884615384615 0.11298076923076923 0.10336538461538461
1 0.8137019230769231 0.4254807692307692 0.11778846153846154 0.0985576923076923
1 0.8004807692307693 0.484375 0.10817307692307693 0.0985576923076923
1 0.9651442307692307 0.15384615384615385 0.06971153846153846 0.1201923076923077
1 0.9435096153846154 0.22355769230769232 0.11298076923076923 0.125
1 0.9387019230769231 0.2920673076923077 0.12259615384615384 0.12259615384615384
1 0.9362980769230769 0.3581730769230769 0.12740384615384615 0.11538461538461539
1 0.9314903846153846 0.4230769230769231 0.13701923076923078 0.10576923076923077
1 0.9194711538461539 0.4831730769230769 0.125 0.10336538461538461