1 0.8882211538461539 0.9459134615384616 0.07932692307692307 0.10817307692307693
1 0.8605769230769231 0.9819711538461539 0.07692307692307693 0.036057692307692304
1 0.7463942307692307 0.9555288461538461 0.10336538461538461 0.0889423076923077
1 0.6947115384615384 0.9290865384615384 0.0673076923076923 0.11778846153846154
1 0.453125 0.9206730769230769 0.10576923076923077 0.12259615384615384
1 0.37259615384615385 0.9423076923076923 0.07932692307692307 0.07692307692307693
1 0.4098557692307692 0.8942307692307693 0.06490384615384616 0.04567307692307692
1 0.42908653846153844 0.8533653846153846 0.12980769230769232 0.04567307692307692
1 0.328125 0.9170673076923077 0.12740384615384615 0.12980769230769232
1 0.2668269230769231 0.9194711538461539 0.13701923076923078 0.14903846153846154
1 0.2127403846153846 0.9194711538461539 0.09615384615384616 0.12980769230769232
1 0.23677884615384615 0.7920673076923077 0.20432692307692307 0.08653846153846154
1 0.07932692307692307 0.8665865384615384 0.13701923076923078 0.07932692307692307
1 0.052884615384615384 0.8329326923076923 0.08653846153846154 0.06971153846153846
1 0.07211538461538461 0.7632211538461539 0.0889423076923077 0.06009615384615385