1 0.05889423076923077 0.22596153846153846 0.08173076923076923 0.11057692307692307
1 0.054086538461538464 0.2920673076923077 0.07932692307692307 0.10096153846153846
1 0.04807692307692308 0.35697115384615385 0.08173076923076923 0.10336538461538461
1 0.036057692307692304 0.4230769230769231 0.06971153846153846 0.09134615384615384
1 0.15985576923076922 0.10697115384615384 0.11778846153846154 0.12259615384615384
1 0.15384615384615385 0.1814903846153846 0.1201923076923077 0.1201923076923077
1 0.1466346153846154 0.25841346153846156 0.1201923076923077 0.1201923076923077
1 0.140625 0.3293269230769231 0.1201923076923077 0.11057692307692307
1 0.13341346153846154 0.4050480769230769 0.125 0.10576923076923077
1 0.20552884615384615 0.038461538461538464 0.12259615384615384 0.07692307692307693
1 0.23677884615384615 0.10096153846153846 0.052884615384615384 0.08173076923076923
1 0.2283653846153846 0.17908653846153846 0.05048076923076923 0.08413461538461539
1 0.22355769230769232 0.25240384615384615 0.052884615384615384 0.08173076923076923
1 0.21394230769230768 0.33052884615384615 0.052884615384615384 0.0889423076923077
1 0.2127403846153846 0.40865384615384615 0.04567307692307692 0.06971153846153846
1 0.2824519230769231 0.038461538461538464 0.05048076923076923 0.07692307692307693
1 0.27524038461538464 0.11177884615384616 0.057692307692307696 0.09134615384615384
1 0.2704326923076923 0.18389423076923078 0.052884615384615384 0.08413461538461539
1 0.2644230769230769 0.2608173076923077 0.052884615384615384 0.0889423076923077
1 0.25721153846153844 0.33774038461538464 0.05048076923076923 0.08413461538461539
1 0.2536057692307692 0.41225961538461536 0.04567307692307692 0.07451923076923077
1 0.3245192307692308 0.04326923076923077 0.052884615384615384 0.08653846153846154
1 0.3173076923076923 0.1201923076923077 0.05048076923076923 0.08413461538461539
1 0.3112980769230769 0.19230769230769232 0.05048076923076923 0.08413461538461539
1 0.30408653846153844 0.2668269230769231 0.04807692307692308 0.08653846153846154
1 0.2980769230769231 0.3425480769230769 0.05048076923076923 0.08653846153846154
1 0.3004807692307692 0.4230769230769231 0.04567307692307692 0.07451923076923077
1 0.3629807692307692 0.052884615384615384 0.05048076923076923 0.08653846153846154
1 0.35697115384615385 0.12620192307692307 0.052884615384615384 0.09134615384615384
1 0.34975961538461536 0.20192307692307693 0.05048076923076923 0.08653846153846154
1 0.3425480769230769 0.2764423076923077 0.052884615384615384 0.0889423076923077
1 0.33653846153846156 0.35096153846153844 0.04807692307692308 0.0889423076923077
1 0.33533653846153844 0.43028846153846156 0.038461538461538464 0.06971153846153846
1 0.40024038461538464 0.06129807692307692 0.05048076923076923 0.0889423076923077
1 0.3942307692307692 0.13581730769230768 0.04807692307692308 0.08413461538461539
1 0.3894230769230769 0.21033653846153846 0.05048076923076923 0.0889423076923077
1 0.38221153846153844 0.2860576923076923 0.052884615384615384 0.0889423076923077
1 0.375 0.35697115384615385 0.05048076923076923 0.08413461538461539
1 0.3713942307692308 0.4375 0.038461538461538464 0.06971153846153846
1 0.4387019230769231 0.07211538461538461 0.052884615384615384 0.08413461538461539
1 0.4326923076923077 0.14423076923076922 0.05048076923076923 0.08173076923076923
1 0.4266826923076923 0.21754807692307693 0.052884615384615384 0.08413461538461539
1 0.4206730769230769 0.2932692307692308 0.05048076923076923 0.08653846153846154
1 0.41466346153846156 0.3641826923076923 0.04807692307692308 0.08653846153846154
1 0.4098557692307692 0.4375 0.04326923076923077 0.08173076923076923
1 0.4795673076923077 0.08052884615384616 0.04326923076923077 0.08173076923076923
1 0.4723557692307692 0.15264423076923078 0.04807692307692308 0.08413461538461539
1 0.46634615384615385 0.22596153846153846 0.04807692307692308 0.08413461538461539
1 0.45913461538461536 0.2980769230769231 0.04807692307692308 0.08413461538461539
1 0.4519230769230769 0.3701923076923077 0.05048076923076923 0.08653846153846154
1 0.44591346153846156 0.44711538461538464 0.04567307692307692 0.07692307692307693
1 0.515625 0.08653846153846154 0.04567307692307692 0.08653846153846154
1 0.5096153846153846 0.15865384615384615 0.05048076923076923 0.08413461538461539
1 0.5036057692307693 0.22956730769230768 0.04807692307692308 0.08413461538461539
1 0.4963942307692308 0.3016826923076923 0.04807692307692308 0.08653846153846154
1 0.49038461538461536 0.37740384615384615 0.04807692307692308 0.08413461538461539
1 0.4855769230769231 0.45552884615384615 0.04567307692307692 0.07692307692307693
1 0.5504807692307693 0.09375 0.04807692307692308 0.08173076923076923
1 0.5444711538461539 0.16706730769230768 0.05048076923076923 0.08413461538461539
1 0.5384615384615384 0.23798076923076922 0.052884615384615384 0.0889423076923077
1 0.5324519230769231 0.3112980769230769 0.05048076923076923 0.08653846153846154
1 0.5276442307692307 0.38221153846153844 0.04807692307692308 0.07692307692307693
1 0.5228365384615384 0.45913461538461536 0.04567307692307692 0.08653846153846154
1 0.5889423076923077 0.10216346153846154 0.04807692307692308 0.08413461538461539
1 0.5841346153846154 0.17427884615384615 0.052884615384615384 0.08413461538461539
1 0.578125 0.24759615384615385 0.052884615384615384 0.0889423076923077
1 0.5709134615384616 0.3173076923076923 0.052884615384615384 0.0889423076923077
1 0.5625 0.3894230769230769 0.052884615384615384 0.0889423076923077
1 0.5588942307692307 0.46153846153846156 0.04567307692307692 0.09615384615384616
1 0.6262019230769231 0.11057692307692307 0.05048076923076923 0.08653846153846154
1 0.6201923076923077 0.18028846153846154 0.05048076923076923 0.08653846153846154
1 0.6129807692307693 0.25 0.05048076923076923 0.08653846153846154
1 0.6069711538461539 0.3233173076923077 0.052884615384615384 0.0889423076923077
1 0.6021634615384616 0.3954326923076923 0.052884615384615384 0.0889423076923077
1 0.59375 0.4699519230769231 0.04567307692307692 0.08653846153846154
1 0.6574519230769231 0.11899038461538461 0.05048076923076923 0.08413461538461539
1 0.6514423076923077 0.18870192307692307 0.04807692307692308 0.07692307692307693
1 0.6454326923076923 0.25841346153846156 0.05048076923076923 0.08653846153846154
1 0.6394230769230769 0.33052884615384615 0.052884615384615384 0.08413461538461539
1 0.6322115384615384 0.4014423076923077 0.05048076923076923 0.08653846153846154
1 0.6286057692307693 0.47836538461538464 0.04567307692307692 0.08413461538461539
1 0.6935096153846154 0.125 0.04807692307692308 0.08173076923076923
1 0.6850961538461539 0.19471153846153846 0.04807692307692308 0.07692307692307693
1 0.6802884615384616 0.26322115384615385 0.04807692307692308 0.08653846153846154
1 0.6730769230769231 0.3389423076923077 0.05048076923076923 0.08653846153846154
1 0.6682692307692307 0.4110576923076923 0.04567307692307692 0.08413461538461539
1 0.6634615384615384 0.4831730769230769 0.040865384615384616 0.08173076923076923
1 0.7211538461538461 0.203125 0.04567307692307692 0.08173076923076923
1 0.7151442307692307 0.27163461538461536 0.04807692307692308 0.08653846153846154
1 0.7079326923076923 0.34134615384615385 0.04807692307692308 0.08173076923076923
1 0.703125 0.41225961538461536 0.04807692307692308 0.08653846153846154
1 0.6971153846153846 0.4855769230769231 0.04326923076923077 0.08653846153846154
1 0.7572115384615384 0.2091346153846154 0.04567307692307692 0.07692307692307693
1 0.7536057692307693 0.27884615384615385 0.04807692307692308 0.08173076923076923
1 0.7439903846153846 0.34615384615384615 0.04567307692307692 0.08173076923076923
1 0.7379807692307693 0.4182692307692308 0.04567307692307692 0.08173076923076923
1 0.7331730769230769 0.4855769230769231 0.052884615384615384 0.0889423076923077