1 0.02403846153846154 0.34134615384615385 0.04807692307692308 0.11538461538461539
1 0.030048076923076924 0.40625 0.06009615384615385 0.10576923076923077
1 0.03485576923076923 0.46875 0.06971153846153846 0.10576923076923077
1 0.03365384615384615 0.5360576923076923 0.0673076923076923 0.09615384615384616
1 0.07572115384615384 0.20072115384615385 0.125 0.12980769230769232
1 0.08653846153846154 0.27403846153846156 0.12740384615384615 0.12740384615384615
1 0.0985576923076923 0.35096153846153844 0.12740384615384615 0.12740384615384615
1 0.11057692307692307 0.421875 0.12740384615384615 0.11778846153846154
1 0.12139423076923077 0.4963942307692308 0.12980769230769232 0.11298076923076923
1 0.10216346153846154 0.11298076923076923 0.12740384615384615 0.10576923076923077
1 0.14783653846153846 0.17548076923076922 0.057692307692307696 0.08413461538461539
1 0.15985576923076922 0.2548076923076923 0.057692307692307696 0.08653846153846154
1 0.171875 0.3269230769230769 0.057692307692307696 0.08413461538461539
1 0.1814903846153846 0.40384615384615385 0.057692307692307696 0.09134615384615384
1 0.19831730769230768 0.4807692307692308 0.05048076923076923 0.07211538461538461
1 0.1778846153846154 0.10216346153846154 0.055288461538461536 0.08413461538461539
1 0.18870192307692307 0.17668269230769232 0.0625 0.09375
1 0.20072115384615385 0.24879807692307693 0.057692307692307696 0.08653846153846154
1 0.2127403846153846 0.32572115384615385 0.057692307692307696 0.09134615384615384
1 0.2247596153846154 0.4014423076923077 0.057692307692307696 0.08653846153846154
1 0.23918269230769232 0.47475961538461536 0.05048076923076923 0.07692307692307693
1 0.21875 0.0985576923076923 0.057692307692307696 0.09134615384615384
1 0.23076923076923078 0.17548076923076922 0.057692307692307696 0.08653846153846154
1 0.24278846153846154 0.24759615384615385 0.057692307692307696 0.08653846153846154
1 0.2536057692307692 0.32091346153846156 0.055288461538461536 0.0889423076923077
1 0.265625 0.3954326923076923 0.057692307692307696 0.0889423076923077
1 0.28725961538461536 0.4735576923076923 0.04807692307692308 0.07692307692307693
1 0.25841346153846156 0.0985576923076923 0.057692307692307696 0.0889423076923077
1 0.2704326923076923 0.17307692307692307 0.057692307692307696 0.09375
1 0.2824519230769231 0.24759615384615385 0.057692307692307696 0.0889423076923077
1 0.2932692307692308 0.32091346153846156 0.057692307692307696 0.09134615384615384
1 0.30528846153846156 0.3942307692307692 0.052884615384615384 0.09134615384615384
1 0.3233173076923077 0.4723557692307692 0.04326923076923077 0.06971153846153846
1 0.2980769230769231 0.0985576923076923 0.055288461538461536 0.09134615384615384
1 0.3088942307692308 0.171875 0.055288461538461536 0.08653846153846154
1 0.32211538461538464 0.24639423076923078 0.055288461538461536 0.09134615384615384
1 0.33413461538461536 0.32091346153846156 0.057692307692307696 0.09134615384615384
1 0.34375 0.3918269230769231 0.057692307692307696 0.08653846153846154
1 0.3605769230769231 0.47115384615384615 0.04326923076923077 0.06971153846153846
1 0.33653846153846156 0.09975961538461539 0.057692307692307696 0.08653846153846154
1 0.3485576923076923 0.17067307692307693 0.055288461538461536 0.08413461538461539
1 0.3605769230769231 0.24278846153846154 0.057692307692307696 0.08653846153846154
1 0.37259615384615385 0.31850961538461536 0.057692307692307696 0.0889423076923077
1 0.38341346153846156 0.3894230769230769 0.055288461538461536 0.0889423076923077
1 0.39783653846153844 0.46153846153846156 0.04807692307692308 0.08173076923076923
1 0.3786057692307692 0.0985576923076923 0.04807692307692308 0.08173076923076923
1 0.3894230769230769 0.16947115384615385 0.055288461538461536 0.08653846153846154
1 0.40024038461538464 0.24158653846153846 0.055288461538461536 0.08653846153846154
1 0.41225961538461536 0.31490384615384615 0.055288461538461536 0.08653846153846154
1 0.421875 0.3858173076923077 0.057692307692307696 0.0889423076923077
1 0.4338942307692308 0.46153846153846156 0.05048076923076923 0.07932692307692307
1 0.41466346153846156 0.09495192307692307 0.05048076923076923 0.0889423076923077
1 0.4266826923076923 0.1658653846153846 0.057692307692307696 0.08653846153846154
1 0.4375 0.23677884615384615 0.055288461538461536 0.08653846153846154
1 0.4495192307692308 0.3088942307692308 0.055288461538461536 0.0889423076923077
1 0.46033653846153844 0.38341346153846156 0.055288461538461536 0.08653846153846154
1 0.47596153846153844 0.46033653846153844 0.05048076923076923 0.07932692307692307
1 0.45072115384615385 0.09375 0.052884615384615384 0.08413461538461539
1 0.46274038461538464 0.1658653846153846 0.057692307692307696 0.08653846153846154
1 0.4735576923076923 0.23677884615384615 0.057692307692307696 0.09134615384615384
1 0.4855769230769231 0.3088942307692308 0.057692307692307696 0.0889423076923077
1 0.49759615384615385 0.3786057692307692 0.052884615384615384 0.07932692307692307
1 0.5120192307692307 0.4543269230769231 0.052884615384615384 0.0889423076923077
1 0.49038461538461536 0.09254807692307693 0.055288461538461536 0.08653846153846154
1 0.5024038461538461 0.16346153846153846 0.057692307692307696 0.08653846153846154
1 0.5144230769230769 0.23557692307692307 0.057692307692307696 0.09134615384615384
1 0.5240384615384616 0.30528846153846156 0.057692307692307696 0.09134615384615384
1 0.5336538461538461 0.37740384615384615 0.057692307692307696 0.09134615384615384
1 0.5480769230769231 0.4483173076923077 0.052884615384615384 0.0985576923076923
1 0.5276442307692307 0.09134615384615384 0.057692307692307696 0.0889423076923077
1 0.5384615384615384 0.15985576923076922 0.057692307692307696 0.0889423076923077
1 0.5492788461538461 0.23076923076923078 0.057692307692307696 0.0889423076923077
1 0.5612980769230769 0.30288461538461536 0.057692307692307696 0.09134615384615384
1 0.5733173076923077 0.3737980769230769 0.057692307692307696 0.09134615384615384
1 0.5829326923076923 0.4483173076923077 0.052884615384615384 0.0889423076923077
1 0.5612980769230769 0.09254807692307693 0.057692307692307696 0.08653846153846154
1 0.5721153846153846 0.16105769230769232 0.052884615384615384 0.07932692307692307
1 0.5829326923076923 0.22956730769230768 0.057692307692307696 0.0889423076923077
1 0.59375 0.3016826923076923 0.057692307692307696 0.08653846153846154
1 0.6045673076923077 0.37259615384615385 0.057692307692307696 0.0889423076923077
1 0.6189903846153846 0.4483173076923077 0.052884615384615384 0.08653846153846154
1 0.5973557692307693 0.0889423076923077 0.052884615384615384 0.08413461538461539
1 0.6057692307692307 0.15985576923076922 0.052884615384615384 0.07932692307692307
1 0.6177884615384616 0.22716346153846154 0.055288461538461536 0.0889423076923077
1 0.6298076923076923 0.3016826923076923 0.057692307692307696 0.0889423076923077
1 0.6418269230769231 0.37259615384615385 0.052884615384615384 0.08653846153846154
1 0.6538461538461539 0.44350961538461536 0.04567307692307692 0.08173076923076923
1 0.6430288461538461 0.15865384615384615 0.05048076923076923 0.08413461538461539
1 0.6538461538461539 0.22596153846153846 0.055288461538461536 0.0889423076923077
1 0.6634615384615384 0.2956730769230769 0.052884615384615384 0.08413461538461539
1 0.6754807692307693 0.36658653846153844 0.055288461538461536 0.0889423076923077
1 0.6875 0.4387019230769231 0.04807692307692308 0.0889423076923077
1 0.6790865384615384 0.15504807692307693 0.05048076923076923 0.07932692307692307
1 0.6923076923076923 0.22355769230769232 0.052884615384615384 0.08413461538461539
1 0.6995192307692307 0.2920673076923077 0.05048076923076923 0.08413461538461539
1 0.7103365384615384 0.3629807692307692 0.05048076923076923 0.08413461538461539
1 0.7223557692307693 0.42908653846153844 0.057692307692307696 0.09134615384615384