1 0.07932692307692307 0.19591346153846154 0.08653846153846154 0.11538461538461539
1 0.06971153846153846 0.2608173076923077 0.08653846153846154 0.10576923076923077
1 0.05889423076923077 0.32572115384615385 0.0889423076923077 0.10576923076923077
1 0.042067307692307696 0.390625 0.07451923076923077 0.09615384615384616
1 0.18870192307692307 0.08413461538461539 0.125 0.12980769230769232
1 0.17668269230769232 0.15745192307692307 0.12740384615384615 0.12740384615384615
1 0.16466346153846154 0.234375 0.12740384615384615 0.12740384615384615
1 0.15384615384615385 0.30528846153846156 0.12740384615384615 0.11778846153846154
1 0.140625 0.3798076923076923 0.12980769230769232 0.11298076923076923
1 0.23918269230769232 0.030048076923076924 0.12740384615384615 0.06009615384615385
1 0.265625 0.0829326923076923 0.057692307692307696 0.08413461538461539
1 0.25240384615384615 0.16105769230769232 0.057692307692307696 0.08653846153846154
1 0.24158653846153846 0.234375 0.057692307692307696 0.08413461538461539
1 0.22716346153846154 0.3112980769230769 0.057692307692307696 0.09134615384615384
1 0.21995192307692307 0.38822115384615385 0.05048076923076923 0.07211538461538461
1 0.3161057692307692 0.03125 0.055288461538461536 0.0625
1 0.30408653846153844 0.09615384615384616 0.0625 0.09375
1 0.2932692307692308 0.16947115384615385 0.057692307692307696 0.08653846153846154
1 0.28125 0.24519230769230768 0.057692307692307696 0.09134615384615384
1 0.2692307692307692 0.32091346153846156 0.057692307692307696 0.08653846153846154
1 0.25961538461538464 0.3954326923076923 0.05048076923076923 0.07692307692307693
1 0.3557692307692308 0.038461538461538464 0.057692307692307696 0.07692307692307693
1 0.34375 0.10817307692307693 0.057692307692307696 0.08653846153846154
1 0.3329326923076923 0.18028846153846154 0.057692307692307696 0.08653846153846154
1 0.32091346153846156 0.2536057692307692 0.055288461538461536 0.0889423076923077
1 0.3088942307692308 0.328125 0.057692307692307696 0.0889423076923077
1 0.30649038461538464 0.4098557692307692 0.04807692307692308 0.07692307692307693
1 0.3942307692307692 0.04447115384615385 0.057692307692307696 0.0889423076923077
1 0.38341346153846156 0.11778846153846154 0.057692307692307696 0.09375
1 0.3713942307692308 0.19230769230769232 0.057692307692307696 0.0889423076923077
1 0.3581730769230769 0.265625 0.057692307692307696 0.09134615384615384
1 0.3473557692307692 0.3401442307692308 0.052884615384615384 0.09134615384615384
1 0.3401442307692308 0.4182692307692308 0.04326923076923077 0.06971153846153846
1 0.43149038461538464 0.056490384615384616 0.055288461538461536 0.09134615384615384
1 0.41947115384615385 0.12980769230769232 0.055288461538461536 0.08653846153846154
1 0.4098557692307692 0.203125 0.055288461538461536 0.09134615384615384
1 0.39783653846153844 0.2776442307692308 0.057692307692307696 0.09134615384615384
1 0.38461538461538464 0.34975961538461536 0.057692307692307696 0.08653846153846154
1 0.3762019230769231 0.42908653846153844 0.04326923076923077 0.06971153846153846
1 0.46875 0.06850961538461539 0.057692307692307696 0.08653846153846154
1 0.4567307692307692 0.140625 0.055288461538461536 0.08413461538461539
1 0.44711538461538464 0.2127403846153846 0.057692307692307696 0.08653846153846154
1 0.43509615384615385 0.28725961538461536 0.057692307692307696 0.0889423076923077
1 0.42427884615384615 0.359375 0.055288461538461536 0.0889423076923077
1 0.41466346153846156 0.43149038461538464 0.04807692307692308 0.08173076923076923
1 0.5096153846153846 0.08052884615384616 0.04807692307692308 0.08173076923076923
1 0.4963942307692308 0.15144230769230768 0.055288461538461536 0.08653846153846154
1 0.4855769230769231 0.22355769230769232 0.055288461538461536 0.08653846153846154
1 0.4735576923076923 0.296875 0.055288461538461536 0.08653846153846154
1 0.46153846153846156 0.36778846153846156 0.057692307692307696 0.0889423076923077
1 0.4495192307692308 0.44350961538461536 0.05048076923076923 0.07932692307692307
1 0.5444711538461539 0.0889423076923077 0.05048076923076923 0.0889423076923077
1 0.5336538461538461 0.15985576923076922 0.057692307692307696 0.08653846153846154
1 0.5216346153846154 0.23076923076923078 0.055288461538461536 0.08653846153846154
1 0.5108173076923077 0.3016826923076923 0.055288461538461536 0.0889423076923077
1 0.4987980769230769 0.37740384615384615 0.055288461538461536 0.08653846153846154
1 0.4891826923076923 0.4543269230769231 0.05048076923076923 0.07932692307692307
1 0.578125 0.0985576923076923 0.052884615384615384 0.08413461538461539
1 0.5673076923076923 0.17067307692307693 0.057692307692307696 0.08653846153846154
1 0.5564903846153846 0.24158653846153846 0.057692307692307696 0.09134615384615384
1 0.5456730769230769 0.3137019230769231 0.057692307692307696 0.0889423076923077
1 0.5348557692307693 0.38341346153846156 0.052884615384615384 0.07932692307692307
1 0.5252403846153846 0.46033653846153844 0.052884615384615384 0.0889423076923077
1 0.6165865384615384 0.109375 0.055288461538461536 0.08653846153846154
1 0.6069711538461539 0.1814903846153846 0.057692307692307696 0.08653846153846154
1 0.5949519230769231 0.2536057692307692 0.057692307692307696 0.09134615384615384
1 0.5829326923076923 0.32211538461538464 0.057692307692307696 0.09134615384615384
1 0.5697115384615384 0.3942307692307692 0.057692307692307696 0.09134615384615384
1 0.5612980769230769 0.46634615384615385 0.052884615384615384 0.0985576923076923
1 0.6526442307692307 0.1201923076923077 0.057692307692307696 0.0889423076923077
1 0.6418269230769231 0.18870192307692307 0.057692307692307696 0.0889423076923077
1 0.6310096153846154 0.25961538461538464 0.057692307692307696 0.0889423076923077
1 0.6189903846153846 0.3317307692307692 0.057692307692307696 0.09134615384615384
1 0.609375 0.4026442307692308 0.057692307692307696 0.09134615384615384
1 0.5949519230769231 0.47596153846153844 0.052884615384615384 0.0889423076923077
1 0.6838942307692307 0.1310096153846154 0.057692307692307696 0.08653846153846154
1 0.6730769230769231 0.19951923076923078 0.052884615384615384 0.07932692307692307
1 0.6622596153846154 0.2692307692307692 0.057692307692307696 0.0889423076923077
1 0.6502403846153846 0.3401442307692308 0.057692307692307696 0.08653846153846154
1 0.6382211538461539 0.4110576923076923 0.057692307692307696 0.0889423076923077
1 0.6298076923076923 0.4879807692307692 0.052884615384615384 0.08653846153846154
1 0.71875 0.13942307692307693 0.052884615384615384 0.08413461538461539
1 0.7055288461538461 0.2091346153846154 0.052884615384615384 0.07932692307692307
1 0.6959134615384616 0.2764423076923077 0.055288461538461536 0.0889423076923077
1 0.6838942307692307 0.35096153846153844 0.057692307692307696 0.0889423076923077
1 0.6742788461538461 0.4230769230769231 0.052884615384615384 0.08653846153846154
1 0.6634615384615384 0.49399038461538464 0.04567307692307692 0.08173076923076923
1 0.7415865384615384 0.21995192307692307 0.05048076923076923 0.08413461538461539
1 0.7307692307692307 0.28725961538461536 0.055288461538461536 0.0889423076923077
1 0.71875 0.3557692307692308 0.052884615384615384 0.08413461538461539
1 0.7091346153846154 0.4266826923076923 0.055288461538461536 0.0889423076923077
1 0.6971153846153846 0.5 0.04807692307692308 0.0889423076923077
1 0.7764423076923077 0.22716346153846154 0.05048076923076923 0.07932692307692307
1 0.7680288461538461 0.296875 0.052884615384615384 0.08413461538461539
1 0.7536057692307693 0.3641826923076923 0.05048076923076923 0.08413461538461539
1 0.7427884615384616 0.43509615384615385 0.05048076923076923 0.08413461538461539
1 0.7331730769230769 0.5012019230769231 0.057692307692307696 0.09134615384615384