1 0.5 0.5084134615384616 0.14423076923076922 0.15144230769230768
1 0.41466346153846156 0.49399038461538464 0.08653846153846154 0.11538461538461539
1 0.3629807692307692 0.49038461538461536 0.06971153846153846 0.09615384615384616
1 0.3245192307692308 0.4855769230769231 0.057692307692307696 0.08173076923076923
1 0.2932692307692308 0.4807692307692308 0.04567307692307692 0.07211538461538461
1 0.2692307692307692 0.47836538461538464 0.038461538461538464 0.06490384615384616
1 0.25 0.47475961538461536 0.03125 0.057692307692307696
1 0.23317307692307693 0.4723557692307692 0.028846153846153848 0.05048076923076923
1 0.22115384615384615 0.4699519230769231 0.02403846153846154 0.04567307692307692
1 0.18870192307692307 0.46634615384615385 0.019230769230769232 0.038461538461538464
1 0.17668269230769232 0.4639423076923077 0.02403846153846154 0.036057692307692304