1 0.5036057692307693 0.5084134615384616 0.12980769230769232 0.13701923076923078
1 0.4182692307692308 0.5228365384615384 0.07451923076923077 0.10817307692307693
1 0.36899038461538464 0.5384615384615384 0.06009615384615385 0.09134615384615384
1 0.3293269230769231 0.546875 0.04807692307692308 0.07932692307692307
1 0.29927884615384615 0.5528846153846154 0.036057692307692304 0.06971153846153846
1 0.27524038461538464 0.5588942307692307 0.03125 0.0625
1 0.25600961538461536 0.5612980769230769 0.02403846153846154 0.055288461538461536
1 0.23918269230769232 0.5649038461538461 0.02403846153846154 0.05048076923076923
1 0.2283653846153846 0.5673076923076923 0.019230769230769232 0.04567307692307692
1 0.19591346153846154 0.5745192307692307 0.014423076923076924 0.036057692307692304
1 0.18389423076923078 0.5769230769230769 0.019230769230769232 0.03365384615384615