1 0.6358173076923077 0.9026442307692307 0.1346153846153846 0.17307692307692307
1 0.5588942307692307 0.7764423076923077 0.09375 0.11778846153846154
1 0.5108173076923077 0.6802884615384616 0.0625 0.07932692307692307
1 0.5757211538461539 0.8401442307692307 0.052884615384615384 0.04326923076923077
1 0.5180288461538461 0.7283653846153846 0.055288461538461536 0.03365384615384615
1 0.4855769230769231 0.6201923076923077 0.04567307692307692 0.057692307692307696
1 0.4735576923076923 0.578125 0.03365384615384615 0.040865384615384616
1 0.4675480769230769 0.5444711538461539 0.028846153846153848 0.03125
1 0.4651442307692308 0.5180288461538461 0.03365384615384615 0.03125
1 0.4639423076923077 0.4963942307692308 0.028846153846153848 0.02403846153846154
1 0.46274038461538464 0.4795673076923077 0.026442307692307692 0.019230769230769232
1 0.46153846153846156 0.4651442307692308 0.026442307692307692 0.019230769230769232
1 0.46033653846153844 0.4543269230769231 0.02403846153846154 0.014423076923076924
1 0.46274038461538464 0.44350961538461536 0.02403846153846154 0.016826923076923076
1 0.46153846153846156 0.4326923076923077 0.021634615384615384 0.01201923076923077
1 0.46274038461538464 0.42427884615384615 0.019230769230769232 0.01201923076923077
1 0.46153846153846156 0.4182692307692308 0.021634615384615384 0.01201923076923077
1 0.46153846153846156 0.4110576923076923 0.014423076923076924 0.009615384615384616
1 0.46033653846153844 0.40625 0.016826923076923076 0.009615384615384616
1 0.4567307692307692 0.4014423076923077 0.014423076923076924 0.004807692307692308
1 0.4543269230769231 0.39663461538461536 0.01201923076923077 0.007211538461538462
1 0.5697115384615384 0.38461538461538464 0.026442307692307692 0.02403846153846154