1 0.6141826923076923 0.9098557692307693 0.12740384615384615 0.16826923076923078
1 0.5444711538461539 0.7788461538461539 0.0889423076923077 0.11538461538461539
1 0.5012019230769231 0.6802884615384616 0.057692307692307696 0.07692307692307693
1 0.5576923076923077 0.84375 0.052884615384615384 0.040865384615384616
1 0.5060096153846154 0.7295673076923077 0.052884615384615384 0.03125
1 0.4795673076923077 0.6189903846153846 0.04326923076923077 0.055288461538461536
1 0.4699519230769231 0.5769230769230769 0.03365384615384615 0.038461538461538464
1 0.4651442307692308 0.5432692307692307 0.026442307692307692 0.028846153846153848
1 0.4639423076923077 0.5168269230769231 0.03125 0.028846153846153848
1 0.4639423076923077 0.4951923076923077 0.028846153846153848 0.02403846153846154
1 0.4639423076923077 0.47836538461538464 0.026442307692307692 0.016826923076923076
1 0.4639423076923077 0.46274038461538464 0.026442307692307692 0.016826923076923076
1 0.46274038461538464 0.4519230769230769 0.02403846153846154 0.014423076923076924
1 0.46634615384615385 0.4411057692307692 0.02403846153846154 0.016826923076923076
1 0.4651442307692308 0.43028846153846156 0.019230769230769232 0.01201923076923077
1 0.46634615384615385 0.4230769230769231 0.019230769230769232 0.009615384615384616
1 0.4651442307692308 0.41586538461538464 0.019230769230769232 0.01201923076923077
1 0.46634615384615385 0.4098557692307692 0.014423076923076924 0.009615384615384616
1 0.4651442307692308 0.40384615384615385 0.016826923076923076 0.007211538461538462
1 0.46274038461538464 0.39903846153846156 0.014423076923076924 0.004807692307692308
1 0.45913461538461536 0.3942307692307692 0.01201923076923077 0.007211538461538462
1 0.5757211538461539 0.3894230769230769 0.026442307692307692 0.02403846153846154