1 0.8629807692307693 0.234375 0.18028846153846154 0.10336538461538461
1 0.8581730769230769 0.2848557692307692 0.18509615384615385 0.11057692307692307
1 0.890625 0.3389423076923077 0.11057692307692307 0.08413461538461539
1 0.9038461538461539 0.38822115384615385 0.11298076923076923 0.08653846153846154
1 0.8028846153846154 0.36538461538461536 0.10096153846153846 0.07932692307692307
1 0.8137019230769231 0.4170673076923077 0.0985576923076923 0.07692307692307693
1 0.6706730769230769 0.35336538461538464 0.18269230769230768 0.11298076923076923
1 0.6826923076923077 0.40384615384615385 0.1778846153846154 0.10336538461538461
1 0.6911057692307693 0.45072115384615385 0.17548076923076922 0.10336538461538461
1 0.5757211538461539 0.4891826923076923 0.08413461538461539 0.07211538461538461
1 0.5444711538461539 0.453125 0.13942307692307693 0.09134615384615384