1 0.12620192307692307 0.6598557692307693 0.25240384615384615 0.5600961538461539
1 0.07211538461538461 0.24519230769230768 0.09615384615384616 0.19951923076923078
1 0.19471153846153846 0.4735576923076923 0.2692307692307692 0.3701923076923077
1 0.22716346153846154 0.7007211538461539 0.13221153846153846 0.375
1 0.30408653846153844 0.5420673076923077 0.08173076923076923 0.24278846153846154
1 0.2776442307692308 0.3798076923076923 0.19471153846153846 0.27163461538461536
1 0.33052884615384615 0.30528846153846156 0.14903846153846154 0.22355769230769232
1 0.34975961538461536 0.4387019230769231 0.06490384615384616 0.17548076923076922
1 0.26322115384615385 0.15865384615384615 0.08413461538461539 0.10576923076923077
1 0.29927884615384615 0.14783653846153846 0.07451923076923077 0.10336538461538461
1 0.09375 0.1201923076923077 0.07211538461538461 0.10096153846153846
1 0.13822115384615385 0.11538461538461539 0.09134615384615384 0.10817307692307693
1 0.19110576923076922 0.11057692307692307 0.06971153846153846 0.08653846153846154
1 0.2283653846153846 0.09975961538461539 0.06971153846153846 0.07932692307692307
1 0.28725961538461536 0.0829326923076923 0.04807692307692308 0.04326923076923077
1 0.2668269230769231 0.09495192307692307 0.038461538461538464 0.052884615384615384
1 0.3137019230769231 0.08774038461538461 0.028846153846153848 0.038461538461538464
1 0.328125 0.08653846153846154 0.03125 0.04567307692307692
1 0.39663461538461536 0.23557692307692307 0.0985576923076923 0.1466346153846154
1 0.4206730769230769 0.203125 0.08173076923076923 0.11538461538461539
1 0.4387019230769231 0.17307692307692307 0.06490384615384616 0.08173076923076923
1 0.45552884615384615 0.13341346153846154 0.04567307692307692 0.019230769230769232
1 0.4675480769230769 0.12259615384615384 0.038461538461538464 0.02403846153846154
1 0.4795673076923077 0.11177884615384616 0.036057692307692304 0.019230769230769232
1 0.5096153846153846 0.1875 0.06490384615384616 0.09375
1 0.5204326923076923 0.13942307692307693 0.038461538461538464 0.026442307692307692
1 0.5240384615384616 0.1201923076923077 0.03365384615384615 0.016826923076923076
1 0.6394230769230769 0.4266826923076923 0.18990384615384615 0.25721153846153844
1 0.6117788461538461 0.5721153846153846 0.18509615384615385 0.24759615384615385
1 0.6153846153846154 0.32572115384615385 0.1346153846153846 0.18990384615384615
1 0.5528846153846154 0.42788461538461536 0.055288461538461536 0.1201923076923077
1 0.9302884615384616 0.3425480769230769 0.07692307692307693 0.07692307692307693
1 0.8942307692307693 0.3245192307692308 0.03125 0.06009615384615385
1 0.8882211538461539 0.30528846153846156 0.08173076923076923 0.07211538461538461
1 0.8473557692307693 0.29086538461538464 0.028846153846153848 0.057692307692307696
1 0.9807692307692307 0.2439903846153846 0.038461538461538464 0.07451923076923077
1 0.9771634615384616 0.28725961538461536 0.04567307692307692 0.06009615384615385
1 0.953125 0.23197115384615385 0.055288461538461536 0.06490384615384616
1 0.9435096153846154 0.27283653846153844 0.052884615384615384 0.055288461538461536
1 0.9194711538461539 0.21754807692307693 0.040865384615384616 0.055288461538461536
1 0.9086538461538461 0.2548076923076923 0.040865384615384616 0.052884615384615384
1 0.8786057692307693 0.19110576923076922 0.05048076923076923 0.05048076923076923
1 0.8954326923076923 0.20673076923076922 0.04326923076923077 0.04807692307692308
1 0.8846153846153846 0.23918269230769232 0.03365384615384615 0.04326923076923077
1 0.8629807692307693 0.22596153846153846 0.04326923076923077 0.052884615384615384
1 0.8485576923076923 0.18509615384615385 0.038461538461538464 0.04326923076923077
1 0.8389423076923077 0.21394230769230768 0.03365384615384615 0.040865384615384616
1 0.8161057692307693 0.17067307692307693 0.05048076923076923 0.05048076923076923
1 0.8076923076923077 0.20552884615384615 0.04567307692307692 0.04567307692307692
1 0.7788461538461539 0.16466346153846154 0.04567307692307692 0.05048076923076923
1 0.7692307692307693 0.1935096153846154 0.04326923076923077 0.038461538461538464
1 0.7451923076923077 0.15384615384615385 0.04567307692307692 0.04567307692307692
1 0.7367788461538461 0.1814903846153846 0.038461538461538464 0.036057692307692304
1 0.7103365384615384 0.140625 0.04326923076923077 0.04326923076923077
1 0.7067307692307693 0.16826923076923078 0.038461538461538464 0.036057692307692304
1 0.6814903846153846 0.13701923076923078 0.040865384615384616 0.04807692307692308
1 0.6514423076923077 0.12620192307692307 0.03365384615384615 0.04326923076923077
1 0.5625 0.1466346153846154 0.04807692307692308 0.07211538461538461