1 0.16466346153846154 0.7584134615384616 0.31971153846153844 0.4831730769230769
1 0.027644230769230768 0.40625 0.055288461538461536 0.1971153846153846
1 0.20432692307692307 0.5793269230769231 0.25721153846153844 0.36538461538461536
1 0.3125 0.78125 0.1201923076923077 0.375
1 0.33052884615384615 0.6057692307692307 0.07211538461538461 0.24278846153846154
1 0.25 0.46274038461538464 0.1875 0.2692307692307692
1 0.27403846153846156 0.375 0.14182692307692307 0.22115384615384615
1 0.3389423076923077 0.49399038461538464 0.06009615384615385 0.17548076923076922
1 0.15985576923076922 0.2608173076923077 0.07932692307692307 0.10336538461538461
1 0.19110576923076922 0.23798076923076922 0.07211538461538461 0.10336538461538461
1 0.010817307692307692 0.28125 0.021634615384615384 0.10096153846153846
1 0.036057692307692304 0.2620192307692308 0.07211538461538461 0.10576923076923077
1 0.07692307692307693 0.23918269230769232 0.0673076923076923 0.08653846153846154
1 0.10817307692307693 0.21634615384615385 0.0673076923076923 0.07692307692307693
1 0.15745192307692307 0.18028846153846154 0.04807692307692308 0.04326923076923077
1 0.14182692307692307 0.19951923076923078 0.036057692307692304 0.052884615384615384
1 0.18389423076923078 0.17668269230769232 0.026442307692307692 0.038461538461538464
1 0.1971153846153846 0.17067307692307693 0.03125 0.04567307692307692
1 0.3125 0.2860576923076923 0.09375 0.14423076923076922
1 0.3233173076923077 0.24759615384615385 0.07692307692307693 0.11298076923076923
1 0.33052884615384615 0.21394230769230768 0.0625 0.07932692307692307
1 0.3329326923076923 0.17067307692307693 0.04567307692307692 0.019230769230769232
1 0.34134615384615385 0.15625 0.038461538461538464 0.02403846153846154
1 0.3485576923076923 0.14182692307692307 0.036057692307692304 0.016826923076923076
1 0.4014423076923077 0.203125 0.06009615384615385 0.09375
1 0.3954326923076923 0.15384615384615385 0.038461538461538464 0.026442307692307692
1 0.3918269230769231 0.1346153846153846 0.03365384615384615 0.016826923076923076
1 0.6057692307692307 0.38341346153846156 0.18269230769230768 0.25240384615384615
1 0.6298076923076923 0.5288461538461539 0.1778846153846154 0.24278846153846154
1 0.5480769230769231 0.296875 0.12980769230769232 0.1875
1 0.5252403846153846 0.41466346153846156 0.05048076923076923 0.1201923076923077
1 0.8497596153846154 0.20432692307692307 0.07451923076923077 0.07451923076923077
1 0.8100961538461539 0.20072115384615385 0.03125 0.06009615384615385
1 0.7980769230769231 0.18389423076923078 0.08173076923076923 0.06971153846153846
1 0.7548076923076923 0.18509615384615385 0.026442307692307692 0.055288461538461536
1 0.921875 0.0889423076923077 0.04807692307692308 0.08413461538461539
1 0.9290865384615384 0.14423076923076922 0.04807692307692308 0.06490384615384616
1 0.8798076923076923 0.09014423076923077 0.0673076923076923 0.07451923076923077
1 0.8822115384615384 0.1346153846153846 0.06009615384615385 0.057692307692307696
1 0.8329326923076923 0.09254807692307693 0.052884615384615384 0.0625
1 0.8389423076923077 0.1346153846153846 0.052884615384615384 0.055288461538461536
1 0.7980769230769231 0.09134615384615384 0.040865384615384616 0.055288461538461536
1 0.8004807692307693 0.12980769230769232 0.038461538461538464 0.052884615384615384
1 0.75 0.08052884615384616 0.04807692307692308 0.04807692307692308
1 0.7704326923076923 0.09014423076923077 0.04326923076923077 0.04807692307692308
1 0.7728365384615384 0.12379807692307693 0.03125 0.04326923076923077
1 0.7475961538461539 0.11899038461538461 0.040865384615384616 0.052884615384615384
1 0.7199519230769231 0.08413461538461539 0.038461538461538464 0.04326923076923077
1 0.7199519230769231 0.11538461538461539 0.03125 0.040865384615384616
1 0.6850961538461539 0.0829326923076923 0.04807692307692308 0.05048076923076923
1 0.6887019230769231 0.11778846153846154 0.04567307692307692 0.04326923076923077
1 0.6478365384615384 0.09014423076923077 0.04567307692307692 0.05048076923076923
1 0.6478365384615384 0.1201923076923077 0.04326923076923077 0.038461538461538464
1 0.6117788461538461 0.09014423076923077 0.04567307692307692 0.04326923076923077
1 0.6141826923076923 0.11899038461538461 0.038461538461538464 0.036057692307692304
1 0.5745192307692307 0.09014423076923077 0.040865384615384616 0.040865384615384616
1 0.5805288461538461 0.11778846153846154 0.038461538461538464 0.036057692307692304
1 0.546875 0.09735576923076923 0.040865384615384616 0.04567307692307692
1 0.5144230769230769 0.09735576923076923 0.03125 0.04326923076923077
1 0.4375 0.14543269230769232 0.04567307692307692 0.07211538461538461