1 0.12259615384615384 0.7367788461538461 0.2403846153846154 0.5240384615384616
1 0.03125 0.3317307692307692 0.06009615384615385 0.19230769230769232
1 0.19591346153846154 0.5324519230769231 0.20673076923076922 0.33653846153846156
1 0.2704326923076923 0.7487980769230769 0.0625 0.3701923076923077
1 0.3161057692307692 0.578125 0.036057692307692304 0.2403846153846154
1 0.25841346153846156 0.42427884615384615 0.14903846153846154 0.24759615384615385
1 0.296875 0.34134615384615385 0.11057692307692307 0.20673076923076922
1 0.34134615384615385 0.46875 0.03365384615384615 0.17307692307692307
1 0.20192307692307693 0.21033653846153846 0.0673076923076923 0.09615384615384616
1 0.23557692307692307 0.19230769230769232 0.057692307692307696 0.09615384615384616
1 0.028846153846153848 0.20432692307692307 0.057692307692307696 0.09134615384615384
1 0.07091346153846154 0.19110576923076922 0.07451923076923077 0.09615384615384616
1 0.12259615384615384 0.17668269230769232 0.057692307692307696 0.07692307692307693
1 0.15745192307692307 0.15865384615384615 0.057692307692307696 0.0673076923076923
1 0.21153846153846154 0.1310096153846154 0.04326923076923077 0.036057692307692304
1 0.1935096153846154 0.1466346153846154 0.028846153846153848 0.04807692307692308
1 0.23798076923076922 0.1310096153846154 0.021634615384615384 0.036057692307692304
1 0.25240384615384615 0.12740384615384615 0.02403846153846154 0.04326923076923077
1 0.3485576923076923 0.25961538461538464 0.07451923076923077 0.1346153846153846
1 0.36538461538461536 0.22355769230769232 0.0625 0.10576923076923077
1 0.37740384615384615 0.19110576923076922 0.052884615384615384 0.07211538461538461
1 0.3870192307692308 0.14903846153846154 0.04326923076923077 0.01201923076923077
1 0.39663461538461536 0.13581730769230768 0.036057692307692304 0.019230769230769232
1 0.40625 0.12259615384615384 0.03365384615384615 0.01201923076923077
1 0.4495192307692308 0.19110576923076922 0.04807692307692308 0.08653846153846154
1 0.45072115384615385 0.14182692307692307 0.036057692307692304 0.019230769230769232
1 0.45072115384615385 0.12259615384615384 0.03365384615384615 0.01201923076923077
1 0.6225961538461539 0.4014423076923077 0.14903846153846154 0.23317307692307693
1 0.6237980769230769 0.5492788461538461 0.14423076923076922 0.22355769230769232
1 0.5793269230769231 0.30649038461538464 0.10576923076923077 0.17307692307692307
1 0.5384615384615384 0.41947115384615385 0.03365384615384615 0.11538461538461539
1 0.8918269230769231 0.26322115384615385 0.0673076923076923 0.0673076923076923
1 0.8533653846153846 0.25240384615384615 0.021634615384615384 0.057692307692307696
1 0.84375 0.234375 0.07211538461538461 0.06009615384615385
1 0.8004807692307693 0.2283653846153846 0.019230769230769232 0.052884615384615384
1 0.9807692307692307 0.15985576923076922 0.036057692307692304 0.08173076923076923
1 0.9795673076923077 0.21514423076923078 0.038461538461538464 0.06009615384615385
1 0.9387019230769231 0.15504807692307693 0.057692307692307696 0.0673076923076923
1 0.9350961538461539 0.19951923076923078 0.052884615384615384 0.05048076923076923
1 0.8930288461538461 0.1502403846153846 0.04326923076923077 0.057692307692307696
1 0.8918269230769231 0.19230769230769232 0.04567307692307692 0.04807692307692308
1 0.8581730769230769 0.14302884615384615 0.03365384615384615 0.05048076923076923
1 0.8545673076923077 0.1814903846153846 0.03365384615384615 0.04807692307692308
1 0.8125 0.125 0.04326923076923077 0.04326923076923077
1 0.8317307692307693 0.13701923076923078 0.036057692307692304 0.04326923076923077
1 0.828125 0.17067307692307693 0.026442307692307692 0.038461538461538464
1 0.8040865384615384 0.1622596153846154 0.03365384615384615 0.04807692307692308
1 0.7824519230769231 0.12379807692307693 0.03365384615384615 0.038461538461538464
1 0.7776442307692307 0.15504807692307693 0.026442307692307692 0.036057692307692304
1 0.7475961538461539 0.11658653846153846 0.04326923076923077 0.04326923076923077
1 0.7463942307692307 0.15264423076923078 0.038461538461538464 0.038461538461538464
1 0.7103365384615384 0.11778846153846154 0.038461538461538464 0.04326923076923077
1 0.7055288461538461 0.14783653846153846 0.038461538461538464 0.03365384615384615
1 0.6742788461538461 0.11298076923076923 0.038461538461538464 0.038461538461538464
1 0.671875 0.14182692307692307 0.03365384615384615 0.028846153846153848
1 0.6382211538461539 0.10697115384615384 0.036057692307692304 0.036057692307692304
1 0.6394230769230769 0.1346153846153846 0.03365384615384615 0.028846153846153848
1 0.609375 0.109375 0.03365384615384615 0.04326923076923077
1 0.5769230769230769 0.1045673076923077 0.026442307692307692 0.038461538461538464
1 0.49399038461538464 0.140625 0.036057692307692304 0.0673076923076923