1 0.9122596153846154 0.15504807692307693 0.07692307692307693 0.08653846153846154
1 0.9302884615384616 0.20793269230769232 0.0625 0.08173076923076923
1 0.8653846153846154 0.18509615384615385 0.08173076923076923 0.08653846153846154
1 0.8894230769230769 0.23076923076923078 0.0889423076923077 0.0889423076923077
1 0.9110576923076923 0.2800480769230769 0.0889423076923077 0.09134615384615384
1 0.9362980769230769 0.3329326923076923 0.0889423076923077 0.09375
1 0.8161057692307693 0.21394230769230768 0.08173076923076923 0.0889423076923077
1 0.8389423076923077 0.25961538461538464 0.09134615384615384 0.0889423076923077
1 0.859375 0.3112980769230769 0.09375 0.0889423076923077
1 0.8822115384615384 0.36538461538461536 0.09375 0.0889423076923077
1 0.7644230769230769 0.2439903846153846 0.07692307692307693 0.07932692307692307
1 0.7860576923076923 0.2920673076923077 0.08173076923076923 0.07932692307692307
1 0.8040865384615384 0.3401442307692308 0.08653846153846154 0.08653846153846154
1 0.8221153846153846 0.390625 0.07932692307692307 0.08653846153846154
1 0.9483173076923077 0.3762019230769231 0.06971153846153846 0.04567307692307692
1 0.8990384615384616 0.40384615384615385 0.07451923076923077 0.057692307692307696
1 0.8461538461538461 0.43028846153846156 0.07932692307692307 0.0673076923076923
1 0.7199519230769231 0.28966346153846156 0.07211538461538461 0.08173076923076923
1 0.7403846153846154 0.3317307692307692 0.07692307692307693 0.07932692307692307
1 0.7596153846153846 0.38341346153846156 0.08413461538461539 0.08413461538461539
1 0.7800480769230769 0.43028846153846156 0.08653846153846154 0.0889423076923077
1 0.6778846153846154 0.3125 0.06971153846153846 0.07692307692307693
1 0.6947115384615384 0.359375 0.07451923076923077 0.07692307692307693
1 0.7115384615384616 0.4098557692307692 0.07692307692307693 0.08173076923076923
1 0.7271634615384616 0.4543269230769231 0.07451923076923077 0.07932692307692307
1 0.6358173076923077 0.3389423076923077 0.0673076923076923 0.07692307692307693
1 0.6526442307692307 0.38341346153846156 0.07451923076923077 0.07932692307692307
1 0.6694711538461539 0.43149038461538464 0.07451923076923077 0.08173076923076923
1 0.6826923076923077 0.47596153846153844 0.07451923076923077 0.07932692307692307
1 0.5973557692307693 0.3641826923076923 0.0673076923076923 0.07211538461538461
1 0.6129807692307693 0.4074519230769231 0.07451923076923077 0.07451923076923077
1 0.6262019230769231 0.4567307692307692 0.07211538461538461 0.07692307692307693
1 0.6394230769230769 0.5012019230769231 0.0673076923076923 0.06971153846153846
1 0.5576923076923077 0.38341346153846156 0.057692307692307696 0.06971153846153846
1 0.5709134615384616 0.42788461538461536 0.057692307692307696 0.0673076923076923
1 0.5829326923076923 0.4735576923076923 0.06971153846153846 0.07451923076923077
1 0.5985576923076923 0.5192307692307693 0.0625 0.07211538461538461
1 0.5204326923076923 0.39302884615384615 0.06971153846153846 0.0673076923076923
1 0.5252403846153846 0.4375 0.057692307692307696 0.06971153846153846
1 0.5372596153846154 0.4807692307692308 0.0625 0.06971153846153846
1 0.5504807692307693 0.5240384615384616 0.0625 0.06971153846153846
1 0.5600961538461539 0.5588942307692307 0.052884615384615384 0.04326923076923077
1 0.6081730769230769 0.5625 0.0625 0.06490384615384616
1 0.47836538461538464 0.41586538461538464 0.04807692307692308 0.0625
1 0.48677884615384615 0.45552884615384615 0.04567307692307692 0.0625
1 0.49759615384615385 0.5 0.04567307692307692 0.0625
1 0.5216346153846154 0.578125 0.04807692307692308 0.038461538461538464
1 0.4831730769230769 0.5949519230769231 0.04326923076923077 0.038461538461538464
1 0.4519230769230769 0.6081730769230769 0.04326923076923077 0.036057692307692304
1 0.41947115384615385 0.6237980769230769 0.040865384615384616 0.036057692307692304
1 0.38822115384615385 0.640625 0.040865384615384616 0.03125
1 0.44711538461538464 0.4338942307692308 0.05048076923076923 0.06490384615384616
1 0.4567307692307692 0.47475961538461536 0.05048076923076923 0.0673076923076923
1 0.4651442307692308 0.5180288461538461 0.04567307692307692 0.0625
1 0.47596153846153844 0.5600961538461539 0.04567307692307692 0.0625
1 0.41466346153846156 0.453125 0.04326923076923077 0.0625
1 0.4230769230769231 0.49278846153846156 0.04807692307692308 0.06490384615384616