1 0.9723557692307693 0.25600961538461536 0.055288461538461536 0.07932692307692307
1 0.9783653846153846 0.3125 0.04326923076923077 0.07692307692307693
1 0.9266826923076923 0.27524038461538464 0.07451923076923077 0.07932692307692307
1 0.9399038461538461 0.32572115384615385 0.08173076923076923 0.07932692307692307
1 0.9507211538461539 0.37740384615384615 0.08173076923076923 0.08173076923076923
1 0.9603365384615384 0.4338942307692308 0.07932692307692307 0.08413461538461539
1 0.8713942307692307 0.2920673076923077 0.07451923076923077 0.08173076923076923
1 0.8834134615384616 0.3425480769230769 0.08413461538461539 0.07932692307692307
1 0.8930288461538461 0.39663461538461536 0.08653846153846154 0.07932692307692307
1 0.9026442307692307 0.45552884615384615 0.08653846153846154 0.07932692307692307
1 0.8161057692307693 0.3112980769230769 0.06971153846153846 0.07211538461538461
1 0.8245192307692307 0.36177884615384615 0.07211538461538461 0.07211538461538461
1 0.8317307692307693 0.41225961538461536 0.07932692307692307 0.07932692307692307
1 0.8389423076923077 0.46634615384615385 0.06971153846153846 0.07932692307692307
1 0.9639423076923077 0.4795673076923077 0.06490384615384616 0.038461538461538464
1 0.9110576923076923 0.4963942307692308 0.06971153846153846 0.05048076923076923
1 0.8533653846153846 0.5096153846153846 0.07211538461538461 0.06009615384615385
1 0.7620192307692307 0.34375 0.06490384615384616 0.07451923076923077
1 0.7716346153846154 0.390625 0.06971153846153846 0.07211538461538461
1 0.7800480769230769 0.44471153846153844 0.07692307692307693 0.07692307692307693
1 0.7896634615384616 0.4951923076923077 0.07932692307692307 0.08173076923076923
1 0.7151442307692307 0.35697115384615385 0.0625 0.07211538461538461
1 0.7211538461538461 0.4074519230769231 0.0673076923076923 0.06971153846153846
1 0.7259615384615384 0.46033653846153844 0.06971153846153846 0.07451923076923077
1 0.7319711538461539 0.5060096153846154 0.0673076923076923 0.07211538461538461
1 0.6682692307692307 0.3737980769230769 0.06009615384615385 0.07211538461538461
1 0.6754807692307693 0.421875 0.0673076923076923 0.07211538461538461
1 0.6802884615384616 0.47115384615384615 0.0673076923076923 0.07451923076923077
1 0.6826923076923077 0.5180288461538461 0.0673076923076923 0.07211538461538461
1 0.625 0.3894230769230769 0.06009615384615385 0.0673076923076923
1 0.6310096153846154 0.4362980769230769 0.0673076923076923 0.0673076923076923
1 0.6334134615384616 0.48677884615384615 0.06490384615384616 0.06971153846153846
1 0.6358173076923077 0.5324519230769231 0.0625 0.0625
1 0.5817307692307693 0.39903846153846156 0.05048076923076923 0.06490384615384616
1 0.5853365384615384 0.44591346153846156 0.05048076923076923 0.0625
1 0.5865384615384616 0.49278846153846156 0.0625 0.06971153846153846
1 0.5913461538461539 0.5408653846153846 0.055288461538461536 0.0673076923076923
1 0.5432692307692307 0.40024038461538464 0.06490384615384616 0.06009615384615385
1 0.5384615384615384 0.44471153846153844 0.05048076923076923 0.06490384615384616
1 0.5396634615384616 0.49038461538461536 0.055288461538461536 0.06490384615384616
1 0.5444711538461539 0.5348557692307693 0.055288461538461536 0.06490384615384616
1 0.5456730769230769 0.5709134615384616 0.05048076923076923 0.038461538461538464
1 0.5913461538461539 0.5853365384615384 0.055288461538461536 0.06009615384615385
1 0.49759615384615385 0.41346153846153844 0.04326923076923077 0.057692307692307696
1 0.49759615384615385 0.4543269230769231 0.040865384615384616 0.06009615384615385
1 0.49759615384615385 0.5 0.040865384615384616 0.06009615384615385
1 0.5024038461538461 0.5805288461538461 0.04326923076923077 0.03365384615384615
1 0.46274038461538464 0.5877403846153846 0.038461538461538464 0.036057692307692304
1 0.42908653846153844 0.5949519230769231 0.040865384615384616 0.03125
1 0.39302884615384615 0.6021634615384616 0.038461538461538464 0.03125
1 0.359375 0.6117788461538461 0.038461538461538464 0.026442307692307692
1 0.46274038461538464 0.4230769230769231 0.04567307692307692 0.06009615384615385
1 0.46274038461538464 0.4651442307692308 0.04326923076923077 0.06490384615384616
1 0.46274038461538464 0.5096153846153846 0.040865384615384616 0.057692307692307696
1 0.4639423076923077 0.5528846153846154 0.040865384615384616 0.06009615384615385
1 0.42788461538461536 0.43509615384615385 0.038461538461538464 0.057692307692307696
1 0.4266826923076923 0.47596153846153844 0.04326923076923077 0.06009615384615385