1 0.9759615384615384 0.27403846153846156 0.04807692307692308 0.08173076923076923
1 0.9807692307692307 0.328125 0.038461538461538464 0.07932692307692307
1 0.9350961538461539 0.29086538461538464 0.07692307692307693 0.08173076923076923
1 0.9459134615384616 0.34134615384615385 0.08413461538461539 0.08173076923076923
1 0.9543269230769231 0.3942307692307692 0.08413461538461539 0.08413461538461539
1 0.9615384615384616 0.4519230769230769 0.07692307692307693 0.08653846153846154
1 0.8786057692307693 0.30528846153846156 0.07692307692307693 0.08413461538461539
1 0.8894230769230769 0.3557692307692308 0.08653846153846154 0.08173076923076923
1 0.8966346153846154 0.4098557692307692 0.0889423076923077 0.08173076923076923
1 0.9050480769230769 0.46875 0.0889423076923077 0.08173076923076923
1 0.8221153846153846 0.32211538461538464 0.07211538461538461 0.07451923076923077
1 0.8293269230769231 0.3737980769230769 0.07451923076923077 0.07451923076923077
1 0.8353365384615384 0.42427884615384615 0.08173076923076923 0.08173076923076923
1 0.8401442307692307 0.47836538461538464 0.07211538461538461 0.08173076923076923
1 0.9651442307692307 0.4963942307692308 0.0673076923076923 0.040865384615384616
1 0.9110576923076923 0.5108173076923077 0.06971153846153846 0.052884615384615384
1 0.8521634615384616 0.5228365384615384 0.07451923076923077 0.0625
1 0.7668269230769231 0.35336538461538464 0.0673076923076923 0.07692307692307693
1 0.7752403846153846 0.40024038461538464 0.07211538461538461 0.07451923076923077
1 0.78125 0.4543269230769231 0.07932692307692307 0.07932692307692307
1 0.7896634615384616 0.5048076923076923 0.08173076923076923 0.08413461538461539
1 0.7199519230769231 0.36538461538461536 0.06490384615384616 0.07451923076923077
1 0.7247596153846154 0.41466346153846156 0.06971153846153846 0.07211538461538461
1 0.7271634615384616 0.4675480769230769 0.07211538461538461 0.07692307692307693
1 0.7319711538461539 0.5144230769230769 0.06971153846153846 0.07451923076923077
1 0.671875 0.3798076923076923 0.0625 0.07211538461538461
1 0.6778846153846154 0.42788461538461536 0.06971153846153846 0.07451923076923077
1 0.6814903846153846 0.47716346153846156 0.06971153846153846 0.07692307692307693
1 0.6826923076923077 0.5240384615384616 0.06971153846153846 0.07451923076923077
1 0.6286057692307693 0.3942307692307692 0.0625 0.0673076923076923
1 0.6334134615384616 0.43990384615384615 0.06971153846153846 0.06971153846153846
1 0.6334134615384616 0.49158653846153844 0.0673076923076923 0.07211538461538461
1 0.6346153846153846 0.5372596153846154 0.06490384615384616 0.06490384615384616
1 0.5853365384615384 0.4026442307692308 0.052884615384615384 0.0673076923076923
1 0.5877403846153846 0.4483173076923077 0.052884615384615384 0.06490384615384616
1 0.5877403846153846 0.4951923076923077 0.06490384615384616 0.07211538461538461
1 0.5901442307692307 0.5444711538461539 0.057692307692307696 0.0673076923076923
1 0.546875 0.4014423076923077 0.06490384615384616 0.0625
1 0.5408653846153846 0.44591346153846156 0.052884615384615384 0.0673076923076923
1 0.5408653846153846 0.49158653846153844 0.057692307692307696 0.0673076923076923
1 0.5432692307692307 0.5360576923076923 0.057692307692307696 0.0673076923076923
1 0.5432692307692307 0.5721153846153846 0.05048076923076923 0.040865384615384616
1 0.5889423076923077 0.5889423076923077 0.057692307692307696 0.0625
1 0.5 0.41346153846153844 0.04326923076923077 0.06009615384615385
1 0.4987980769230769 0.4543269230769231 0.04326923076923077 0.06009615384615385
1 0.49759615384615385 0.5 0.04326923076923077 0.06009615384615385
1 0.5 0.5805288461538461 0.04567307692307692 0.036057692307692304
1 0.46033653846153844 0.5865384615384616 0.040865384615384616 0.036057692307692304
1 0.4254807692307692 0.5925480769230769 0.04326923076923077 0.03365384615384615
1 0.3894230769230769 0.5985576923076923 0.040865384615384616 0.03365384615384615
1 0.3557692307692308 0.6069711538461539 0.038461538461538464 0.026442307692307692
1 0.46634615384615385 0.421875 0.04807692307692308 0.06009615384615385
1 0.4639423076923077 0.4639423076923077 0.04567307692307692 0.06490384615384616
1 0.46153846153846156 0.5084134615384616 0.040865384615384616 0.06009615384615385
1 0.46153846153846156 0.5516826923076923 0.04326923076923077 0.06009615384615385
1 0.43028846153846156 0.4326923076923077 0.038461538461538464 0.06009615384615385
1 0.42788461538461536 0.4735576923076923 0.04567307692307692 0.06009615384615385