1 0.11658653846153846 0.546875 0.05048076923076923 0.05048076923076923
1 0.11538461538461539 0.5829326923076923 0.04807692307692308 0.04807692307692308
1 0.11778846153846154 0.6213942307692307 0.040865384615384616 0.040865384615384616
1 0.11899038461538461 0.6574519230769231 0.040865384615384616 0.04567307692307692
1 0.12259615384615384 0.6947115384615384 0.04326923076923077 0.040865384615384616
1 0.1658653846153846 0.5396634615384616 0.055288461538461536 0.04807692307692308
1 0.16706730769230768 0.578125 0.06009615384615385 0.052884615384615384
1 0.17067307692307693 0.6141826923076923 0.06009615384615385 0.052884615384615384
1 0.171875 0.6538461538461539 0.06009615384615385 0.04807692307692308
1 0.17427884615384615 0.6911057692307693 0.06009615384615385 0.04807692307692308
1 0.22355769230769232 0.5264423076923077 0.0673076923076923 0.04807692307692308
1 0.21995192307692307 0.5637019230769231 0.055288461538461536 0.05048076923076923
1 0.21995192307692307 0.6033653846153846 0.055288461538461536 0.04807692307692308
1 0.2247596153846154 0.6442307692307693 0.052884615384615384 0.05048076923076923
1 0.22596153846153846 0.6826923076923077 0.052884615384615384 0.04807692307692308
1 0.2776442307692308 0.5132211538461539 0.04326923076923077 0.04807692307692308
1 0.27163461538461536 0.5516826923076923 0.06009615384615385 0.055288461538461536
1 0.27283653846153844 0.59375 0.06009615384615385 0.055288461538461536
1 0.27524038461538464 0.6346153846153846 0.06009615384615385 0.055288461538461536
1 0.27884615384615385 0.6778846153846154 0.06009615384615385 0.052884615384615384
1 0.3329326923076923 0.49759615384615385 0.07451923076923077 0.055288461538461536
1 0.328125 0.5372596153846154 0.0673076923076923 0.055288461538461536
1 0.3293269230769231 0.5829326923076923 0.0673076923076923 0.055288461538461536
1 0.3329326923076923 0.6262019230769231 0.06971153846153846 0.055288461538461536
1 0.33413461538461536 0.6682692307692307 0.06490384615384616 0.055288461538461536
1 0.41586538461538464 0.4795673076923077 0.08413461538461539 0.055288461538461536
1 0.3954326923076923 0.5240384615384616 0.07932692307692307 0.06009615384615385
1 0.39783653846153844 0.5697115384615384 0.07932692307692307 0.06009615384615385
1 0.39903846153846156 0.6141826923076923 0.08173076923076923 0.06009615384615385
1 0.40024038461538464 0.6586538461538461 0.07932692307692307 0.06009615384615385
1 0.4639423076923077 0.4891826923076923 0.07932692307692307 0.0625
1 0.46875 0.5348557692307693 0.07932692307692307 0.0673076923076923
1 0.47115384615384615 0.5817307692307693 0.07692307692307693 0.0625
1 0.5372596153846154 0.4723557692307692 0.08173076923076923 0.0673076923076923
1 0.5396634615384616 0.5180288461538461 0.08413461538461539 0.06490384615384616
1 0.5432692307692307 0.5685096153846154 0.08413461538461539 0.06490384615384616
1 0.625 0.453125 0.10336538461538461 0.07211538461538461
1 0.6274038461538461 0.5036057692307693 0.10576923076923077 0.06971153846153846
1 0.6310096153846154 0.5516826923076923 0.10336538461538461 0.06971153846153846
1 0.6850961538461539 0.44350961538461536 0.028846153846153848 0.052884615384615384
1 0.6899038461538461 0.49399038461538464 0.03125 0.055288461538461536
1 0.6923076923076923 0.5480769230769231 0.03125 0.057692307692307696
1 0.7091346153846154 0.44471153846153844 0.03125 0.052884615384615384
1 0.7127403846153846 0.49399038461538464 0.03125 0.055288461538461536
1 0.7139423076923077 0.546875 0.02403846153846154 0.057692307692307696
1 0.734375 0.44471153846153844 0.03125 0.055288461538461536
1 0.7572115384615384 0.44591346153846156 0.03125 0.055288461538461536
1 0.78125 0.44591346153846156 0.03125 0.055288461538461536
1 0.8052884615384616 0.44591346153846156 0.03125 0.052884615384615384
1 0.8305288461538461 0.44711538461538464 0.03125 0.052884615384615384
1 0.8533653846153846 0.44471153846153844 0.03125 0.055288461538461536
1 0.8557692307692307 0.4951923076923077 0.028846153846153848 0.05048076923076923
1 0.8798076923076923 0.49399038461538464 0.028846153846153848 0.052884615384615384