1 0.11899038461538461 0.5673076923076923 0.052884615384615384 0.052884615384615384
1 0.1201923076923077 0.6033653846153846 0.05048076923076923 0.05048076923076923
1 0.125 0.6418269230769231 0.04326923076923077 0.04326923076923077
1 0.12860576923076922 0.6778846153846154 0.04326923076923077 0.04567307692307692
1 0.13221153846153846 0.7151442307692307 0.04326923076923077 0.04326923076923077
1 0.16826923076923078 0.5576923076923077 0.057692307692307696 0.05048076923076923
1 0.171875 0.5961538461538461 0.0625 0.055288461538461536
1 0.17668269230769232 0.6322115384615384 0.0625 0.055288461538461536
1 0.18028846153846154 0.6706730769230769 0.0625 0.05048076923076923
1 0.18509615384615385 0.7079326923076923 0.0625 0.05048076923076923
1 0.2247596153846154 0.5408653846153846 0.06971153846153846 0.052884615384615384
1 0.22355769230769232 0.578125 0.057692307692307696 0.052884615384615384
1 0.22596153846153846 0.6177884615384616 0.057692307692307696 0.05048076923076923
1 0.23197115384615385 0.6586538461538461 0.055288461538461536 0.052884615384615384
1 0.23557692307692307 0.6971153846153846 0.055288461538461536 0.05048076923076923
1 0.27884615384615385 0.5252403846153846 0.04567307692307692 0.04807692307692308
1 0.27403846153846156 0.5637019230769231 0.0625 0.057692307692307696
1 0.2776442307692308 0.6057692307692307 0.0625 0.057692307692307696
1 0.28365384615384615 0.6466346153846154 0.0625 0.057692307692307696
1 0.28846153846153844 0.6899038461538461 0.0625 0.055288461538461536
1 0.3329326923076923 0.5060096153846154 0.07692307692307693 0.057692307692307696
1 0.33052884615384615 0.546875 0.06971153846153846 0.057692307692307696
1 0.33413461538461536 0.5913461538461539 0.06971153846153846 0.057692307692307696
1 0.3401442307692308 0.6346153846153846 0.07211538461538461 0.057692307692307696
1 0.34375 0.6766826923076923 0.0673076923076923 0.057692307692307696
1 0.41466346153846156 0.484375 0.08653846153846154 0.06009615384615385
1 0.39663461538461536 0.5300480769230769 0.08173076923076923 0.0625
1 0.4014423076923077 0.5745192307692307 0.08173076923076923 0.0625
1 0.40625 0.6189903846153846 0.08413461538461539 0.0625
1 0.40865384615384615 0.6634615384615384 0.08173076923076923 0.0625
1 0.4639423076923077 0.49158653846153844 0.08173076923076923 0.06490384615384616
1 0.4699519230769231 0.5360576923076923 0.08173076923076923 0.07211538461538461
1 0.47475961538461536 0.5829326923076923 0.07932692307692307 0.06490384615384616
1 0.5360576923076923 0.4699519230769231 0.08413461538461539 0.07211538461538461
1 0.5408653846153846 0.515625 0.08653846153846154 0.06971153846153846
1 0.546875 0.5661057692307693 0.08653846153846154 0.06971153846153846
1 0.6213942307692307 0.44591346153846156 0.10817307692307693 0.07692307692307693
1 0.6274038461538461 0.4963942307692308 0.10817307692307693 0.07451923076923077
1 0.6334134615384616 0.5456730769230769 0.10576923076923077 0.07451923076923077
1 0.6814903846153846 0.4338942307692308 0.03125 0.052884615384615384
1 0.6899038461538461 0.484375 0.03365384615384615 0.057692307692307696
1 0.6947115384615384 0.5372596153846154 0.03365384615384615 0.06009615384615385
1 0.7067307692307693 0.4338942307692308 0.03365384615384615 0.052884615384615384
1 0.7127403846153846 0.48197115384615385 0.03365384615384615 0.057692307692307696
1 0.7163461538461539 0.5348557692307693 0.026442307692307692 0.057692307692307696
1 0.7319711538461539 0.4326923076923077 0.03365384615384615 0.057692307692307696
1 0.7548076923076923 0.4326923076923077 0.03365384615384615 0.057692307692307696
1 0.7788461538461539 0.43028846153846156 0.03365384615384615 0.057692307692307696
1 0.8028846153846154 0.43028846153846156 0.03365384615384615 0.052884615384615384
1 0.8269230769230769 0.42908653846153844 0.03365384615384615 0.052884615384615384
1 0.8497596153846154 0.4266826923076923 0.03365384615384615 0.057692307692307696
1 0.8557692307692307 0.47716346153846156 0.03125 0.05048076923076923
1 0.8798076923076923 0.4735576923076923 0.03125 0.052884615384615384