1 0.12379807692307693 0.5865384615384616 0.055288461538461536 0.055288461538461536
1 0.12620192307692307 0.6237980769230769 0.05048076923076923 0.05048076923076923
1 0.13341346153846154 0.6610576923076923 0.04567307692307692 0.04567307692307692
1 0.13822115384615385 0.6971153846153846 0.04567307692307692 0.04807692307692308
1 0.14423076923076922 0.7331730769230769 0.04567307692307692 0.04567307692307692
1 0.171875 0.5745192307692307 0.057692307692307696 0.052884615384615384
1 0.17668269230769232 0.6129807692307693 0.06490384615384616 0.057692307692307696
1 0.18389423076923078 0.6478365384615384 0.06490384615384616 0.057692307692307696
1 0.18990384615384615 0.6875 0.06490384615384616 0.052884615384615384
1 0.1971153846153846 0.7247596153846154 0.06490384615384616 0.052884615384615384
1 0.2283653846153846 0.5552884615384616 0.06971153846153846 0.055288461538461536
1 0.2283653846153846 0.5925480769230769 0.06009615384615385 0.055288461538461536
1 0.23317307692307693 0.6322115384615384 0.057692307692307696 0.052884615384615384
1 0.24158653846153846 0.6730769230769231 0.057692307692307696 0.055288461538461536
1 0.24639423076923078 0.7103365384615384 0.057692307692307696 0.052884615384615384
1 0.2800480769230769 0.5360576923076923 0.04567307692307692 0.05048076923076923
1 0.2776442307692308 0.5757211538461539 0.06490384615384616 0.06009615384615385
1 0.28365384615384615 0.6177884615384616 0.06490384615384616 0.06009615384615385
1 0.29086538461538464 0.6574519230769231 0.06490384615384616 0.06009615384615385
1 0.2980769230769231 0.7007211538461539 0.06490384615384616 0.057692307692307696
1 0.3329326923076923 0.5144230769230769 0.07932692307692307 0.0625
1 0.3329326923076923 0.5552884615384616 0.07211538461538461 0.06009615384615385
1 0.3389423076923077 0.5997596153846154 0.07211538461538461 0.06009615384615385
1 0.3473557692307692 0.6430288461538461 0.07451923076923077 0.06009615384615385
1 0.35336538461538464 0.6850961538461539 0.06971153846153846 0.06009615384615385
1 0.41346153846153844 0.4879807692307692 0.0889423076923077 0.06490384615384616
1 0.39903846153846156 0.5348557692307693 0.08413461538461539 0.0673076923076923
1 0.4050480769230769 0.5805288461538461 0.08413461538461539 0.0673076923076923
1 0.41225961538461536 0.6237980769230769 0.08653846153846154 0.0673076923076923
1 0.4170673076923077 0.6682692307692307 0.08413461538461539 0.0673076923076923
1 0.4639423076923077 0.49278846153846156 0.08413461538461539 0.06971153846153846
1 0.4723557692307692 0.5372596153846154 0.08413461538461539 0.07451923076923077
1 0.4795673076923077 0.5841346153846154 0.08173076923076923 0.0673076923076923
1 0.5348557692307693 0.46875 0.0889423076923077 0.07451923076923077
1 0.5408653846153846 0.5132211538461539 0.0889423076923077 0.07211538461538461
1 0.5504807692307693 0.5637019230769231 0.0889423076923077 0.07211538461538461
1 0.6189903846153846 0.43990384615384615 0.11057692307692307 0.08173076923076923
1 0.6274038461538461 0.4891826923076923 0.11057692307692307 0.07932692307692307
1 0.6358173076923077 0.5384615384615384 0.10817307692307693 0.07932692307692307
1 0.6778846153846154 0.42427884615384615 0.03365384615384615 0.055288461538461536
1 0.6887019230769231 0.4735576923076923 0.036057692307692304 0.057692307692307696
1 0.6959134615384616 0.5276442307692307 0.036057692307692304 0.06009615384615385
1 0.7019230769230769 0.4230769230769231 0.036057692307692304 0.055288461538461536
1 0.7115384615384616 0.47115384615384615 0.036057692307692304 0.057692307692307696
1 0.7175480769230769 0.5240384615384616 0.028846153846153848 0.06009615384615385
1 0.7271634615384616 0.4206730769230769 0.036057692307692304 0.057692307692307696
1 0.75 0.41947115384615385 0.036057692307692304 0.057692307692307696
1 0.7740384615384616 0.41586538461538464 0.036057692307692304 0.057692307692307696
1 0.7980769230769231 0.41466346153846156 0.036057692307692304 0.055288461538461536
1 0.8221153846153846 0.41225961538461536 0.036057692307692304 0.055288461538461536
1 0.8449519230769231 0.40865384615384615 0.036057692307692304 0.057692307692307696
1 0.8533653846153846 0.4579326923076923 0.03365384615384615 0.052884615384615384
1 0.8774038461538461 0.4543269230769231 0.03365384615384615 0.055288461538461536