1 0.20072115384615385 0.18269230769230768 0.23076923076923078 0.3173076923076923
1 0.1622596153846154 0.4699519230769231 0.22355769230769232 0.3293269230769231
1 0.12259615384615384 0.7548076923076923 0.22596153846153846 0.3269230769230769
1 0.375 0.19591346153846154 0.23557692307692307 0.3317307692307692
1 0.34134615384615385 0.4831730769230769 0.23798076923076922 0.3317307692307692
1 0.29927884615384615 0.7800480769230769 0.23557692307692307 0.33653846153846156
1 0.5673076923076923 0.21033653846153846 0.24519230769230768 0.33413461538461536
1 0.5276442307692307 0.5096153846153846 0.23557692307692307 0.33413461538461536
1 0.484375 0.8076923076923077 0.2403846153846154 0.33413461538461536
1 0.7620192307692307 0.21995192307692307 0.24278846153846154 0.3389423076923077
1 0.71875 0.5240384615384616 0.24759615384615385 0.34375
1 0.6766826923076923 0.8305288461538461 0.24278846153846154 0.3389423076923077
1 0.9170673076923077 0.23317307692307693 0.1658653846153846 0.35096153846153844
1 0.8942307692307693 0.5432692307692307 0.21153846153846154 0.34615384615384615
1 0.8569711538461539 0.8413461538461539 0.22355769230769232 0.3173076923076923