1 0.18870192307692307 0.9134615384615384 0.09134615384615384 0.1201923076923077
1 0.17908653846153846 0.8100961538461539 0.10576923076923077 0.12259615384615384
1 0.17307692307692307 0.7127403846153846 0.0985576923076923 0.10576923076923077
1 0.16706730769230768 0.6201923076923077 0.09134615384615384 0.0985576923076923
1 0.21754807692307693 0.4495192307692308 0.10336538461538461 0.10576923076923077
1 0.2247596153846154 0.5300480769230769 0.0985576923076923 0.10817307692307693
1 0.23557692307692307 0.6189903846153846 0.08653846153846154 0.10336538461538461
1 0.24519230769230768 0.7079326923076923 0.08173076923076923 0.10576923076923077
1 0.25240384615384615 0.7992788461538461 0.09134615384615384 0.11778846153846154
1 0.2608173076923077 0.8978365384615384 0.09134615384615384 0.1201923076923077
1 0.28846153846153844 0.45072115384615385 0.07451923076923077 0.09615384615384616
1 0.2920673076923077 0.53125 0.07451923076923077 0.09615384615384616
1 0.3004807692307692 0.6129807692307693 0.08173076923076923 0.10336538461538461
1 0.3112980769230769 0.6995192307692307 0.08173076923076923 0.10576923076923077
1 0.31971153846153844 0.7896634615384616 0.08413461538461539 0.11057692307692307
1 0.33052884615384615 0.8834134615384616 0.08653846153846154 0.11538461538461539
1 0.3449519230769231 0.45552884615384615 0.07451923076923077 0.0889423076923077
1 0.35096153846153844 0.5252403846153846 0.07211538461538461 0.10576923076923077
1 0.3629807692307692 0.609375 0.07451923076923077 0.09615384615384616
1 0.37259615384615385 0.6947115384615384 0.0673076923076923 0.09615384615384616
1 0.38341346153846156 0.7836538461538461 0.07211538461538461 0.10576923076923077
1 0.3942307692307692 0.8737980769230769 0.07692307692307693 0.11057692307692307
1 0.39903846153846156 0.45072115384615385 0.07932692307692307 0.18028846153846154
1 0.4110576923076923 0.5444711538461539 0.08173076923076923 0.15865384615384615
1 0.4266826923076923 0.6382211538461539 0.08173076923076923 0.14903846153846154
1 0.4423076923076923 0.7391826923076923 0.08413461538461539 0.1466346153846154
1 0.4579326923076923 0.8521634615384616 0.08413461538461539 0.13701923076923078
1 0.6201923076923077 0.8533653846153846 0.28125 0.24519230769230768
1 0.5877403846153846 0.6646634615384616 0.2692307692307692 0.24519230769230768
1 0.5625 0.515625 0.2668269230769231 0.2668269230769231
1 0.5324519230769231 0.36778846153846156 0.2620192307692308 0.29086538461538464
1 0.5060096153846154 0.23197115384615385 0.24759615384615385 0.30288461538461536
1 0.5805288461538461 0.06850961538461539 0.17548076923076922 0.13701923076923078
1 0.6466346153846154 0.18629807692307693 0.125 0.1778846153846154
1 0.6766826923076923 0.32211538461538464 0.125 0.19471153846153846
1 0.7139423076923077 0.47475961538461536 0.1346153846153846 0.19951923076923078
1 0.7487980769230769 0.6370192307692307 0.14423076923076922 0.20192307692307693
1 0.7920673076923077 0.8209134615384616 0.14423076923076922 0.21875
1 0.8834134615384616 0.7980769230769231 0.13701923076923078 0.19951923076923078
1 0.9507211538461539 0.7824519230769231 0.0985576923076923 0.18509615384615385
1 0.8401442307692307 0.6322115384615384 0.13701923076923078 0.19230769230769232
1 0.9158653846153846 0.6141826923076923 0.11778846153846154 0.18990384615384615
1 0.8004807692307693 0.47596153846153844 0.125 0.1778846153846154
1 0.8725961538461539 0.45552884615384615 0.11298076923076923 0.1875
1 0.765625 0.328125 0.11778846153846154 0.17548076923076922
1 0.7319711538461539 0.1935096153846154 0.11298076923076923 0.16346153846153846
1 0.7319711538461539 0.0673076923076923 0.1658653846153846 0.1346153846153846
1 0.7788461538461539 0.17307692307692307 0.14423076923076922 0.17548076923076922
1 0.8353365384615384 0.31009615384615385 0.10576923076923077 0.16105769230769232
1 0.9471153846153846 0.4495192307692308 0.10576923076923077 0.1201923076923077
1 0.9567307692307693 0.5168269230769231 0.08653846153846154 0.10576923076923077