1 0.16105769230769232 0.890625 0.08413461538461539 0.11538461538461539
1 0.15865384615384615 0.7860576923076923 0.0985576923076923 0.11778846153846154
1 0.15865384615384615 0.6887019230769231 0.09375 0.0985576923076923
1 0.15985576923076922 0.5973557692307693 0.08653846153846154 0.09375
1 0.22115384615384615 0.43028846153846156 0.09615384615384616 0.10096153846153846
1 0.22355769230769232 0.5108173076923077 0.09375 0.10336538461538461
1 0.22716346153846154 0.5997596153846154 0.07932692307692307 0.0985576923076923
1 0.23076923076923078 0.6899038461538461 0.07692307692307693 0.10096153846153846
1 0.23197115384615385 0.78125 0.08413461538461539 0.11298076923076923
1 0.234375 0.8798076923076923 0.08413461538461539 0.11538461538461539
1 0.2920673076923077 0.4362980769230769 0.06971153846153846 0.09375
1 0.29086538461538464 0.5168269230769231 0.06971153846153846 0.09375
1 0.2932692307692308 0.5985576923076923 0.07692307692307693 0.0985576923076923
1 0.296875 0.6850961538461539 0.07692307692307693 0.10096153846153846
1 0.3004807692307692 0.7764423076923077 0.07692307692307693 0.10576923076923077
1 0.30408653846153844 0.8701923076923077 0.08173076923076923 0.11298076923076923
1 0.3473557692307692 0.44471153846153844 0.06971153846153846 0.08413461538461539
1 0.34975961538461536 0.515625 0.0673076923076923 0.10096153846153846
1 0.3545673076923077 0.5997596153846154 0.06971153846153846 0.09375
1 0.3581730769230769 0.6862980769230769 0.0625 0.09375
1 0.3641826923076923 0.7740384615384616 0.0673076923076923 0.10096153846153846
1 0.36899038461538464 0.8653846153846154 0.06971153846153846 0.10576923076923077
1 0.4026442307692308 0.44471153846153844 0.0673076923076923 0.17548076923076922
1 0.40865384615384615 0.5372596153846154 0.06971153846153846 0.15625
1 0.4182692307692308 0.6322115384615384 0.07451923076923077 0.1466346153846154
1 0.4254807692307692 0.734375 0.07451923076923077 0.14182692307692307
1 0.4338942307692308 0.8485576923076923 0.07451923076923077 0.13221153846153846
1 0.5949519230769231 0.8605769230769231 0.2668269230769231 0.23076923076923078
1 0.5757211538461539 0.6706730769230769 0.25721153846153844 0.2283653846153846
1 0.5612980769230769 0.5192307692307693 0.25240384615384615 0.25240384615384615
1 0.5420673076923077 0.3701923076923077 0.24519230769230768 0.2764423076923077
1 0.5252403846153846 0.23317307692307693 0.2283653846153846 0.28846153846153844
1 0.6117788461538461 0.06971153846153846 0.1658653846153846 0.13942307692307693
1 0.6682692307692307 0.1971153846153846 0.11538461538461539 0.17067307692307693
1 0.6887019230769231 0.33533653846153844 0.11298076923076923 0.18990384615384615
1 0.7151442307692307 0.49038461538461536 0.12259615384615384 0.19471153846153846
1 0.7379807692307693 0.6538461538461539 0.13221153846153846 0.19471153846153846
1 0.7692307692307693 0.8401442307692307 0.12980769230769232 0.21153846153846154
1 0.8617788461538461 0.8245192307692307 0.125 0.19471153846153846
1 0.9399038461538461 0.8149038461538461 0.10576923076923077 0.18028846153846154
1 0.8305288461538461 0.6550480769230769 0.125 0.18509615384615385
1 0.90625 0.6430288461538461 0.10576923076923077 0.18509615384615385
1 0.8004807692307693 0.49759615384615385 0.11538461538461539 0.17067307692307693
1 0.875 0.4807692307692308 0.10336538461538461 0.18269230769230768
1 0.7776442307692307 0.3473557692307692 0.10817307692307693 0.17067307692307693
1 0.7536057692307693 0.21033653846153846 0.10336538461538461 0.15865384615384615
1 0.7632211538461539 0.0733173076923077 0.15625 0.1466346153846154
1 0.8016826923076923 0.1935096153846154 0.1346153846153846 0.16826923076923078
1 0.8473557692307693 0.33413461538461536 0.09615384615384616 0.15625
1 0.9495192307692307 0.48197115384615385 0.10096153846153846 0.11298076923076923
1 0.9567307692307693 0.5492788461538461 0.08653846153846154 0.0985576923076923