1 0.16105769230769232 0.08052884615384616 0.15384615384615385 0.16105769230769232
1 0.1310096153846154 0.2512019230769231 0.1658653846153846 0.24278846153846154
1 0.09975961538461539 0.4579326923076923 0.16346153846153846 0.23076923076923078
1 0.07451923076923077 0.6442307692307693 0.14903846153846154 0.20192307692307693
1 0.27884615384615385 0.0889423076923077 0.15384615384615385 0.1778846153846154
1 0.25 0.27283653846153844 0.16346153846153846 0.23317307692307693
1 0.21754807692307693 0.4807692307692308 0.16105769230769232 0.23317307692307693
1 0.18629807692307693 0.6646634615384616 0.15625 0.20432692307692307
1 0.15625 0.8473557692307693 0.15625 0.21634615384615385
1 0.39783653846153844 0.10336538461538461 0.1658653846153846 0.20673076923076922
1 0.36658653846153844 0.2932692307692308 0.15865384615384615 0.23798076923076922
1 0.3317307692307692 0.49759615384615385 0.15865384615384615 0.23317307692307693
1 0.30288461538461536 0.6862980769230769 0.15144230769230768 0.20432692307692307
1 0.2692307692307692 0.8653846153846154 0.14903846153846154 0.21153846153846154
1 0.5168269230769231 0.11177884615384616 0.15865384615384615 0.22355769230769232
1 0.48197115384615385 0.3137019230769231 0.16346153846153846 0.23798076923076922
1 0.44711538461538464 0.5168269230769231 0.15625 0.2283653846153846
1 0.41466346153846156 0.7007211538461539 0.14903846153846154 0.20192307692307693
1 0.38461538461538464 0.8834134615384616 0.15144230769230768 0.21875
1 0.6358173076923077 0.12980769230769232 0.16105769230769232 0.2283653846153846
1 0.5985576923076923 0.33413461538461536 0.16105769230769232 0.23317307692307693
1 0.5625 0.5336538461538461 0.16105769230769232 0.23317307692307693
1 0.5288461538461539 0.7211538461538461 0.15144230769230768 0.19951923076923078
1 0.4963942307692308 0.8954326923076923 0.15625 0.2091346153846154
1 0.7548076923076923 0.15264423076923078 0.16346153846153846 0.23317307692307693
1 0.7175480769230769 0.35336538461538464 0.16105769230769232 0.23798076923076922
1 0.6790865384615384 0.5552884615384616 0.15625 0.23076923076923078
1 0.6442307692307693 0.7427884615384616 0.14903846153846154 0.19951923076923078
1 0.6081730769230769 0.90625 0.14903846153846154 0.1875
1 0.8737980769230769 0.17067307692307693 0.1658653846153846 0.23076923076923078
1 0.8329326923076923 0.3713942307692308 0.16105769230769232 0.2403846153846154
1 0.7932692307692307 0.5757211538461539 0.15865384615384615 0.23317307692307693
1 0.7572115384615384 0.7632211538461539 0.15384615384615385 0.2091346153846154
1 0.7175480769230769 0.9170673076923077 0.1466346153846154 0.1658653846153846
1 0.8341346153846154 0.9230769230769231 0.15865384615384615 0.15384615384615385
1 0.8713942307692307 0.7764423076923077 0.15384615384615385 0.2091346153846154
1 0.9110576923076923 0.59375 0.16105769230769232 0.23798076923076922
1 0.9326923076923077 0.390625 0.1346153846153846 0.24278846153846154
1 0.953125 0.18990384615384615 0.09375 0.23557692307692307