1 0.05048076923076923 0.19591346153846154 0.10096153846153846 0.23317307692307693
1 0.07572115384615384 0.39903846153846156 0.15144230769230768 0.24519230769230768
1 0.11177884615384616 0.6033653846153846 0.16826923076923078 0.23317307692307693
1 0.15264423076923078 0.7872596153846154 0.15625 0.20192307692307693
1 0.13942307692307693 0.17427884615384615 0.15625 0.22355769230769232
1 0.18509615384615385 0.37740384615384615 0.1658653846153846 0.23557692307692307
1 0.22956730769230768 0.5829326923076923 0.1658653846153846 0.23317307692307693
1 0.2668269230769231 0.765625 0.15865384615384615 0.20673076923076922
1 0.3016826923076923 0.9194711538461539 0.16105769230769232 0.16105769230769232
1 0.25961538461538464 0.15504807692307693 0.16826923076923078 0.23557692307692307
1 0.3016826923076923 0.3545673076923077 0.16346153846153846 0.2403846153846154
1 0.3425480769230769 0.5576923076923077 0.16105769230769232 0.23317307692307693
1 0.38221153846153844 0.7439903846153846 0.15384615384615385 0.20673076923076922
1 0.41466346153846156 0.9086538461538461 0.15144230769230768 0.18269230769230768
1 0.3762019230769231 0.12980769230769232 0.16346153846153846 0.23076923076923078
1 0.41586538461538464 0.3329326923076923 0.1658653846153846 0.23798076923076922
1 0.4567307692307692 0.5336538461538461 0.16105769230769232 0.2283653846153846
1 0.49278846153846156 0.71875 0.15144230769230768 0.20432692307692307
1 0.5300480769230769 0.8942307692307693 0.15625 0.21153846153846154
1 0.49399038461538464 0.11057692307692307 0.1658653846153846 0.22115384615384615
1 0.5324519230769231 0.31009615384615385 0.16346153846153846 0.23557692307692307
1 0.5709134615384616 0.5096153846153846 0.16346153846153846 0.23317307692307693
1 0.6069711538461539 0.6959134615384616 0.15384615384615385 0.20192307692307693
1 0.6418269230769231 0.8737980769230769 0.15865384615384615 0.22115384615384615
1 0.6141826923076923 0.09975961538461539 0.1658653846153846 0.19951923076923078
1 0.6502403846153846 0.2848557692307692 0.16346153846153846 0.23798076923076922
1 0.6875 0.48677884615384615 0.16105769230769232 0.23317307692307693
1 0.7211538461538461 0.6754807692307693 0.15144230769230768 0.20192307692307693
1 0.7536057692307693 0.8557692307692307 0.15384615384615385 0.22115384615384615
1 0.7295673076923077 0.08774038461538461 0.17067307692307693 0.17548076923076922
1 0.7644230769230769 0.2608173076923077 0.16346153846153846 0.2403846153846154
1 0.8004807692307693 0.46634615384615385 0.16346153846153846 0.23557692307692307
1 0.8341346153846154 0.6526442307692307 0.15625 0.21153846153846154
1 0.8629807692307693 0.8341346153846154 0.14903846153846154 0.21634615384615385
1 0.9471153846153846 0.8076923076923077 0.10576923076923077 0.22596153846153846
1 0.9338942307692307 0.625 0.13221153846153846 0.21153846153846154
1 0.9170673076923077 0.43990384615384615 0.16346153846153846 0.23798076923076922
1 0.8798076923076923 0.23798076923076922 0.16826923076923078 0.24519230769230768
1 0.8461538461538461 0.07572115384615384 0.17307692307692307 0.15144230769230768