1 0.33533653846153844 0.38221153846153844 0.09375 0.09134615384615384
1 0.11658653846153846 0.4254807692307692 0.11778846153846154 0.11538461538461539
1 0.12620192307692307 0.484375 0.12259615384615384 0.10576923076923077
1 0.1778846153846154 0.4074519230769231 0.036057692307692304 0.0673076923076923
1 0.18870192307692307 0.4639423076923077 0.036057692307692304 0.0673076923076923
1 0.20552884615384615 0.41346153846153844 0.036057692307692304 0.06971153846153846
1 0.22956730769230768 0.421875 0.03365384615384615 0.06009615384615385
1 0.054086538461538464 0.4675480769230769 0.021634615384615384 0.036057692307692304
1 0.03125 0.46274038461538464 0.02403846153846154 0.038461538461538464
1 0.010817307692307692 0.46153846153846156 0.021634615384615384 0.038461538461538464
1 0.016826923076923076 0.5048076923076923 0.028846153846153848 0.040865384615384616
1 0.02283653846153846 0.5504807692307693 0.028846153846153848 0.04326923076923077