1 0.3858173076923077 0.3329326923076923 0.09375 0.09134615384615384
1 0.1658653846153846 0.29927884615384615 0.11778846153846154 0.11538461538461539
1 0.15384615384615385 0.35697115384615385 0.12259615384615384 0.10576923076923077
1 0.2283653846153846 0.30288461538461536 0.036057692307692304 0.0673076923076923
1 0.21995192307692307 0.359375 0.036057692307692304 0.0673076923076923
1 0.25240384615384615 0.31850961538461536 0.036057692307692304 0.06971153846153846
1 0.27283653846153844 0.33413461538461536 0.03365384615384615 0.06009615384615385
1 0.09134615384615384 0.3173076923076923 0.021634615384615384 0.036057692307692304
1 0.07211538461538461 0.30528846153846156 0.02403846153846154 0.038461538461538464
1 0.051682692307692304 0.296875 0.026442307692307692 0.038461538461538464
1 0.04326923076923077 0.3389423076923077 0.028846153846153848 0.040865384615384616
1 0.03485576923076923 0.38341346153846156 0.028846153846153848 0.04326923076923077