1 0.43149038461538464 0.5456730769230769 0.34134615384615385 0.18509615384615385
1 0.25721153846153844 0.5889423076923077 0.06009615384615385 0.11298076923076923
1 0.7668269230769231 0.9182692307692307 0.20192307692307693 0.10096153846153846
1 0.6057692307692307 0.953125 0.23076923076923078 0.09375
1 0.29086538461538464 0.5036057692307693 0.2668269230769231 0.1466346153846154
1 0.6009615384615384 0.4026442307692308 0.11538461538461539 0.09134615384615384
1 0.4987980769230769 0.4254807692307692 0.12259615384615384 0.09134615384615384
1 0.484375 0.359375 0.12740384615384615 0.09134615384615384
1 0.5685096153846154 0.3389423076923077 0.09375 0.09375
1 0.32211538461538464 0.3918269230769231 0.23076923076923078 0.12259615384615384
1 0.3389423076923077 0.45913461538461536 0.22596153846153846 0.11778846153846154