1 0.43028846153846156 0.5432692307692307 0.34134615384615385 0.17307692307692307
1 0.2536057692307692 0.5805288461538461 0.057692307692307696 0.11298076923076923
1 0.7524038461538461 0.9278846153846154 0.20192307692307693 0.09615384615384616
1 0.5913461538461539 0.9567307692307693 0.23076923076923078 0.08653846153846154
1 0.29086538461538464 0.4963942307692308 0.2644230769230769 0.13701923076923078
1 0.6045673076923077 0.40625 0.11538461538461539 0.0889423076923077
1 0.5012019230769231 0.4254807692307692 0.12259615384615384 0.0889423076923077
1 0.4891826923076923 0.3581730769230769 0.125 0.0889423076923077
1 0.5745192307692307 0.34134615384615385 0.09134615384615384 0.09134615384615384
1 0.32572115384615385 0.3858173076923077 0.2283653846153846 0.11538461538461539
1 0.3401442307692308 0.4543269230769231 0.22596153846153846 0.11057692307692307