1 0.3125 0.7728365384615384 0.2932692307692308 0.22115384615384615
1 0.11298076923076923 0.41466346153846156 0.021634615384615384 0.014423076923076924
1 0.11177884615384616 0.4230769230769231 0.02403846153846154 0.014423076923076924
1 0.12740384615384615 0.4170673076923077 0.019230769230769232 0.014423076923076924
1 0.12620192307692307 0.4266826923076923 0.016826923076923076 0.01201923076923077
1 0.16105769230769232 0.41225961538461536 0.03125 0.026442307692307692
1 0.15745192307692307 0.4266826923076923 0.03365384615384615 0.02403846153846154
1 0.19471153846153846 0.4206730769230769 0.04807692307692308 0.028846153846153848
1 0.18990384615384615 0.4338942307692308 0.04807692307692308 0.028846153846153848
1 0.22596153846153846 0.43990384615384615 0.03365384615384615 0.026442307692307692
1 0.2512019230769231 0.45552884615384615 0.038461538461538464 0.021634615384615384
1 0.5216346153846154 0.5408653846153846 0.040865384615384616 0.028846153846153848
1 0.484375 0.5336538461538461 0.04807692307692308 0.03365384615384615
1 0.5192307692307693 0.5528846153846154 0.04326923076923077 0.02403846153846154
1 0.4855769230769231 0.546875 0.040865384615384616 0.026442307692307692
1 0.45913461538461536 0.5444711538461539 0.03365384615384615 0.026442307692307692
1 0.45552884615384615 0.5276442307692307 0.02403846153846154 0.019230769230769232
1 0.46875 0.5192307692307693 0.04567307692307692 0.02403846153846154
1 0.45072115384615385 0.5144230769230769 0.021634615384615384 0.016826923076923076
1 0.4362980769230769 0.5108173076923077 0.019230769230769232 0.016826923076923076
1 0.4387019230769231 0.5384615384615384 0.019230769230769232 0.019230769230769232
1 0.43990384615384615 0.5252403846153846 0.02403846153846154 0.019230769230769232
1 0.5576923076923077 0.5612980769230769 0.028846153846153848 0.02403846153846154
1 0.5528846153846154 0.5480769230769231 0.01201923076923077 0.01201923076923077
1 0.5120192307692307 0.5228365384615384 0.02403846153846154 0.014423076923076924
1 0.5384615384615384 0.5288461538461539 0.03125 0.016826923076923076
1 0.578125 0.5516826923076923 0.014423076923076924 0.014423076923076924
1 0.5865384615384616 0.5576923076923077 0.014423076923076924 0.014423076923076924
1 0.5745192307692307 0.5649038461538461 0.014423076923076924 0.016826923076923076
1 0.5228365384615384 0.5288461538461539 0.036057692307692304 0.016826923076923076
1 0.5697115384615384 0.5456730769230769 0.038461538461538464 0.021634615384615384
1 0.6177884615384616 0.5673076923076923 0.04567307692307692 0.026442307692307692
1 0.6478365384615384 0.5793269230769231 0.04567307692307692 0.028846153846153848
1 0.6033653846153846 0.5540865384615384 0.03125 0.019230769230769232
1 0.6165865384615384 0.546875 0.03125 0.021634615384615384
1 0.5841346153846154 0.5384615384615384 0.016826923076923076 0.014423076923076924
1 0.6754807692307693 0.5697115384615384 0.021634615384615384 0.019230769230769232
1 0.6730769230769231 0.5817307692307693 0.021634615384615384 0.019230769230769232