1 0.07692307692307693 0.6105769230769231 0.15384615384615385 0.07692307692307693
1 0.12259615384615384 0.6225961538461539 0.19951923076923078 0.08413461538461539
1 0.20552884615384615 0.6682692307692307 0.19951923076923078 0.10336538461538461
1 0.19831730769230768 0.7307692307692307 0.20432692307692307 0.11057692307692307
1 0.3713942307692308 0.6862980769230769 0.17307692307692307 0.10817307692307693
1 0.36177884615384615 0.7403846153846154 0.17307692307692307 0.0889423076923077
1 0.07211538461538461 0.6658653846153846 0.10576923076923077 0.07692307692307693
1 0.078125 0.7319711538461539 0.1201923076923077 0.07451923076923077
1 0.025240384615384616 0.6682692307692307 0.05048076923076923 0.07692307692307693
1 0.02403846153846154 0.7283653846153846 0.04807692307692308 0.08173076923076923
1 0.004807692307692308 0.5985576923076923 0.009615384615384616 0.07211538461538461
1 0.5276442307692307 0.7475961538461539 0.13221153846153846 0.09375
1 0.6057692307692307 0.6983173076923077 0.10576923076923077 0.07932692307692307
1 0.6057692307692307 0.7463942307692307 0.09375 0.07932692307692307
1 0.7956730769230769 0.7512019230769231 0.1875 0.0985576923076923
1 0.90625 0.7764423076923077 0.12259615384615384 0.09134615384615384
1 0.7307692307692307 0.6983173076923077 0.14423076923076922 0.07932692307692307
1 0.8485576923076923 0.7199519230769231 0.13701923076923078 0.07932692307692307
1 0.5540865384615384 0.6646634615384616 0.11538461538461539 0.06971153846153846
1 0.53125 0.6995192307692307 0.1201923076923077 0.08173076923076923
1 0.37259615384615385 0.6322115384615384 0.16346153846153846 0.055288461538461536
1 0.6394230769230769 0.6394230769230769 0.08173076923076923 0.055288461538461536
1 0.7836538461538461 0.6526442307692307 0.13942307692307693 0.08173076923076923
1 0.8629807692307693 0.6706730769230769 0.12259615384615384 0.07451923076923077