1 0.03485576923076923 0.5649038461538461 0.0625 0.03365384615384615
1 0.03485576923076923 0.5901442307692307 0.057692307692307696 0.03365384615384615
1 0.08052884615384616 0.578125 0.055288461538461536 0.036057692307692304
1 0.1310096153846154 0.5841346153846154 0.05048076923076923 0.019230769230769232
1 0.5144230769230769 0.5733173076923077 0.06971153846153846 0.040865384615384616
1 0.5745192307692307 0.5673076923076923 0.057692307692307696 0.036057692307692304
1 0.5769230769230769 0.5889423076923077 0.06009615384615385 0.02403846153846154
1 0.5180288461538461 0.5961538461538461 0.06971153846153846 0.036057692307692304
1 0.47596153846153844 0.6069711538461539 0.040865384615384616 0.03125
1 0.4699519230769231 0.5853365384615384 0.036057692307692304 0.028846153846153848
1 0.4483173076923077 0.6105769230769231 0.026442307692307692 0.02403846153846154
1 0.4495192307692308 0.5901442307692307 0.019230769230769232 0.026442307692307692
1 0.4855769230769231 0.5612980769230769 0.0625 0.028846153846153848
1 0.47716346153846156 0.5600961538461539 0.06490384615384616 0.028846153846153848
1 0.4639423076923077 0.5625 0.055288461538461536 0.026442307692307692
1 0.43990384615384615 0.5685096153846154 0.05048076923076923 0.028846153846153848
1 0.6382211538461539 0.5793269230769231 0.04326923076923077 0.03125
1 0.6574519230769231 0.5552884615384616 0.03365384615384615 0.02403846153846154
1 0.6298076923076923 0.5576923076923077 0.03125 0.021634615384615384
1 0.6358173076923077 0.5456730769230769 0.036057692307692304 0.016826923076923076
1 0.6814903846153846 0.5576923076923077 0.019230769230769232 0.021634615384615384
1 0.6658653846153846 0.5288461538461539 0.026442307692307692 0.021634615384615384
1 0.59375 0.5408653846153846 0.05048076923076923 0.03125
1 0.5709134615384616 0.546875 0.052884615384615384 0.019230769230769232
1 0.5733173076923077 0.5036057692307693 0.03125 0.016826923076923076
1 0.5456730769230769 0.5036057692307693 0.03125 0.016826923076923076
1 0.5084134615384616 0.5072115384615384 0.03125 0.016826923076923076
1 0.4879807692307692 0.5096153846153846 0.021634615384615384 0.01201923076923077
1 0.7199519230769231 0.5228365384615384 0.05048076923076923 0.028846153846153848
1 0.7524038461538461 0.5228365384615384 0.04326923076923077 0.026442307692307692
1 0.7367788461538461 0.5564903846153846 0.0673076923076923 0.036057692307692304
1 0.7884615384615384 0.5552884615384616 0.06971153846153846 0.038461538461538464
1 0.8257211538461539 0.5276442307692307 0.03365384615384615 0.026442307692307692
1 0.8257211538461539 0.5456730769230769 0.03125 0.026442307692307692