1 0.43990384615384615 0.8257211538461539 0.28125 0.1971153846153846
1 0.11177884615384616 0.5793269230769231 0.021634615384615384 0.01201923076923077
1 0.11298076923076923 0.5877403846153846 0.021634615384615384 0.01201923076923077
1 0.12620192307692307 0.5757211538461539 0.019230769230769232 0.01201923076923077
1 0.12860576923076922 0.5853365384615384 0.014423076923076924 0.009615384615384616
1 0.15504807692307693 0.5564903846153846 0.03125 0.02403846153846154
1 0.15745192307692307 0.5721153846153846 0.03125 0.021634615384615384
1 0.18990384615384615 0.5516826923076923 0.04807692307692308 0.02403846153846154
1 0.18990384615384615 0.5661057692307693 0.04567307692307692 0.02403846153846154
1 0.22596153846153846 0.5564903846153846 0.03365384615384615 0.02403846153846154
1 0.2548076923076923 0.5600961538461539 0.038461538461538464 0.019230769230769232
1 0.5360576923076923 0.5288461538461539 0.040865384615384616 0.026442307692307692
1 0.5 0.5360576923076923 0.04567307692307692 0.03125
1 0.5396634615384616 0.5396634615384616 0.04326923076923077 0.019230769230769232
1 0.5060096153846154 0.5492788461538461 0.040865384615384616 0.02403846153846154
1 0.4807692307692308 0.5564903846153846 0.03365384615384615 0.02403846153846154
1 0.4699519230769231 0.5432692307692307 0.02403846153846154 0.016826923076923076
1 0.4795673076923077 0.5300480769230769 0.04567307692307692 0.019230769230769232
1 0.46033653846153844 0.5336538461538461 0.019230769230769232 0.014423076923076924
1 0.44591346153846156 0.5348557692307693 0.016826923076923076 0.016826923076923076
1 0.45913461538461536 0.5600961538461539 0.016826923076923076 0.016826923076923076
1 0.45552884615384615 0.546875 0.021634615384615384 0.016826923076923076
1 0.578125 0.5324519230769231 0.028846153846153848 0.02403846153846154
1 0.5685096153846154 0.5216346153846154 0.009615384615384616 0.01201923076923077
1 0.5204326923076923 0.515625 0.02403846153846154 0.01201923076923077
1 0.546875 0.5108173076923077 0.028846153846153848 0.014423076923076924
1 0.5925480769230769 0.515625 0.01201923076923077 0.014423076923076924
1 0.6021634615384616 0.5180288461538461 0.01201923076923077 0.014423076923076924
1 0.5949519230769231 0.5288461538461539 0.014423076923076924 0.014423076923076924
1 0.5336538461538461 0.5168269230769231 0.036057692307692304 0.01201923076923077
1 0.5829326923076923 0.5132211538461539 0.038461538461538464 0.019230769230769232
1 0.6346153846153846 0.5144230769230769 0.04326923076923077 0.02403846153846154
1 0.6670673076923077 0.5120192307692307 0.04326923076923077 0.02403846153846154
1 0.6165865384615384 0.5072115384615384 0.03125 0.016826923076923076
1 0.6262019230769231 0.4951923076923077 0.03125 0.019230769230769232
1 0.5925480769230769 0.5012019230769231 0.016826923076923076 0.01201923076923077
1 0.6887019230769231 0.49158653846153844 0.021634615384615384 0.019230769230769232
1 0.6911057692307693 0.5036057692307693 0.021634615384615384 0.016826923076923076