1 0.38221153846153844 0.5865384615384616 0.026442307692307692 0.021634615384615384
1 0.40625 0.5649038461538461 0.04567307692307692 0.02403846153846154
1 0.40865384615384615 0.578125 0.04326923076923077 0.02403846153846154
1 0.4411057692307692 0.5564903846153846 0.04326923076923077 0.026442307692307692
1 0.44350961538461536 0.5697115384615384 0.040865384615384616 0.016826923076923076
1 0.375 0.5721153846153846 0.021634615384615384 0.014423076923076924
1 0.38461538461538464 0.5588942307692307 0.04807692307692308 0.019230769230769232
1 0.3641826923076923 0.5901442307692307 0.019230769230769232 0.016826923076923076
1 0.48197115384615385 0.5600961538461539 0.026442307692307692 0.016826923076923076
1 0.4987980769230769 0.5456730769230769 0.019230769230769232 0.016826923076923076
1 0.5 0.5564903846153846 0.016826923076923076 0.01201923076923077
1 0.45552884615384615 0.5396634615384616 0.03365384615384615 0.016826923076923076
1 0.4423076923076923 0.5444711538461539 0.03365384615384615 0.016826923076923076
1 0.47836538461538464 0.5504807692307693 0.026442307692307692 0.016826923076923076
1 0.3737980769230769 0.5600961538461539 0.038461538461538464 0.019230769230769232
1 0.3485576923076923 0.5649038461538461 0.019230769230769232 0.014423076923076924
1 0.5408653846153846 0.5444711538461539 0.040865384615384616 0.019230769230769232
1 0.5721153846153846 0.5420673076923077 0.040865384615384616 0.021634615384615384
1 0.5216346153846154 0.5372596153846154 0.03125 0.014423076923076924
1 0.5096153846153846 0.546875 0.01201923076923077 0.01201923076923077
1 0.5516826923076923 0.5228365384615384 0.028846153846153848 0.014423076923076924
1 0.53125 0.5228365384615384 0.03125 0.014423076923076924
1 0.4987980769230769 0.5300480769230769 0.016826923076923076 0.01201923076923077
1 0.484375 0.5336538461538461 0.021634615384615384 0.014423076923076924
1 0.5925480769230769 0.5228365384615384 0.021634615384615384 0.016826923076923076
1 0.5949519230769231 0.5348557692307693 0.021634615384615384 0.014423076923076924
1 0.07572115384615384 0.5769230769230769 0.055288461538461536 0.026442307692307692
1 0.07692307692307693 0.59375 0.052884615384615384 0.02403846153846154
1 0.038461538461538464 0.5841346153846154 0.028846153846153848 0.02403846153846154
1 0.039663461538461536 0.5997596153846154 0.03125 0.02403846153846154
1 0.11658653846153846 0.5841346153846154 0.03365384615384615 0.03125
1 0.14903846153846154 0.5925480769230769 0.04567307692307692 0.03365384615384615