1 0.03365384615384615 0.5564903846153846 0.0625 0.03365384615384615
1 0.03245192307692308 0.5817307692307693 0.055288461538461536 0.03125
1 0.07932692307692307 0.5709134615384616 0.055288461538461536 0.03365384615384615
1 0.12860576923076922 0.5769230769230769 0.05048076923076923 0.016826923076923076
1 0.5132211538461539 0.5733173076923077 0.06971153846153846 0.040865384615384616
1 0.5733173076923077 0.5685096153846154 0.057692307692307696 0.036057692307692304
1 0.5757211538461539 0.5901442307692307 0.06009615384615385 0.02403846153846154
1 0.5168269230769231 0.5961538461538461 0.0673076923076923 0.03365384615384615
1 0.47475961538461536 0.6057692307692307 0.040865384615384616 0.028846153846153848
1 0.46875 0.5853365384615384 0.036057692307692304 0.028846153846153848
1 0.44711538461538464 0.609375 0.026442307692307692 0.02403846153846154
1 0.44711538461538464 0.5889423076923077 0.019230769230769232 0.026442307692307692
1 0.484375 0.5600961538461539 0.0625 0.026442307692307692
1 0.47596153846153844 0.5600961538461539 0.06490384615384616 0.026442307692307692
1 0.46274038461538464 0.5625 0.055288461538461536 0.026442307692307692
1 0.4387019230769231 0.5673076923076923 0.05048076923076923 0.028846153846153848
1 0.6358173076923077 0.5817307692307693 0.040865384615384616 0.03125
1 0.6574519230769231 0.5576923076923077 0.03365384615384615 0.02403846153846154
1 0.6286057692307693 0.5600961538461539 0.03125 0.021634615384615384
1 0.6346153846153846 0.5480769230769231 0.036057692307692304 0.016826923076923076
1 0.6802884615384616 0.5612980769230769 0.019230769230769232 0.021634615384615384
1 0.6658653846153846 0.53125 0.026442307692307692 0.019230769230769232
1 0.5925480769230769 0.5420673076923077 0.05048076923076923 0.028846153846153848
1 0.5709134615384616 0.5480769230769231 0.052884615384615384 0.016826923076923076
1 0.5733173076923077 0.5048076923076923 0.03125 0.016826923076923076
1 0.5444711538461539 0.5048076923076923 0.028846153846153848 0.016826923076923076
1 0.5084134615384616 0.5072115384615384 0.03125 0.016826923076923076
1 0.4879807692307692 0.5096153846153846 0.021634615384615384 0.01201923076923077
1 0.7199519230769231 0.5264423076923077 0.05048076923076923 0.028846153846153848
1 0.7524038461538461 0.5276442307692307 0.04326923076923077 0.026442307692307692
1 0.7355769230769231 0.5600961538461539 0.0673076923076923 0.036057692307692304
1 0.7872596153846154 0.5600961538461539 0.06971153846153846 0.036057692307692304
1 0.8245192307692307 0.5336538461538461 0.03365384615384615 0.026442307692307692
1 0.8257211538461539 0.5516826923076923 0.03125 0.026442307692307692