1 0.36538461538461536 0.5588942307692307 0.026442307692307692 0.021634615384615384
1 0.3942307692307692 0.5420673076923077 0.04567307692307692 0.021634615384615384
1 0.3942307692307692 0.5552884615384616 0.04326923076923077 0.021634615384615384
1 0.43028846153846156 0.5420673076923077 0.04326923076923077 0.026442307692307692
1 0.42908653846153844 0.5552884615384616 0.040865384615384616 0.016826923076923076
1 0.36177884615384615 0.5420673076923077 0.021634615384615384 0.014423076923076924
1 0.375 0.53125 0.04807692307692308 0.019230769230769232
1 0.3473557692307692 0.5576923076923077 0.019230769230769232 0.016826923076923076
1 0.46875 0.5552884615384616 0.026442307692307692 0.016826923076923076
1 0.4879807692307692 0.5444711538461539 0.019230769230769232 0.016826923076923076
1 0.48677884615384615 0.5552884615384616 0.016826923076923076 0.01201923076923077
1 0.44711538461538464 0.5288461538461539 0.03125 0.014423076923076924
1 0.4338942307692308 0.5300480769230769 0.03125 0.014423076923076924
1 0.4675480769230769 0.5432692307692307 0.026442307692307692 0.016826923076923076
1 0.3641826923076923 0.5300480769230769 0.038461538461538464 0.019230769230769232
1 0.33774038461538464 0.5288461538461539 0.019230769230769232 0.014423076923076924
1 0.5300480769230769 0.5528846153846154 0.040865384615384616 0.019230769230769232
1 0.5600961538461539 0.5576923076923077 0.040865384615384616 0.021634615384615384
1 0.5120192307692307 0.5408653846153846 0.028846153846153848 0.014423076923076924
1 0.4987980769230769 0.5480769230769231 0.01201923076923077 0.01201923076923077
1 0.5444711538461539 0.5336538461538461 0.028846153846153848 0.014423076923076924
1 0.5252403846153846 0.5288461538461539 0.03125 0.014423076923076924
1 0.49158653846153844 0.5288461538461539 0.014423076923076924 0.01201923076923077
1 0.47716346153846156 0.5288461538461539 0.021634615384615384 0.01201923076923077
1 0.5853365384615384 0.5432692307692307 0.021634615384615384 0.016826923076923076
1 0.5853365384615384 0.5552884615384616 0.019230769230769232 0.014423076923076924
1 0.06971153846153846 0.4795673076923077 0.055288461538461536 0.02403846153846154
1 0.06610576923076923 0.4963942307692308 0.052884615384615384 0.02403846153846154
1 0.03125 0.47836538461538464 0.028846153846153848 0.02403846153846154
1 0.028846153846153848 0.49399038461538464 0.03125 0.02403846153846154
1 0.10817307692307693 0.4963942307692308 0.03365384615384615 0.028846153846153848
1 0.13701923076923078 0.5120192307692307 0.04567307692307692 0.03125