1 0.40625 0.8173076923076923 0.2692307692307692 0.17307692307692307
1 0.10576923076923077 0.5384615384615384 0.021634615384615384 0.009615384615384616
1 0.10697115384615384 0.546875 0.021634615384615384 0.009615384615384616
1 0.1201923076923077 0.5372596153846154 0.016826923076923076 0.009615384615384616
1 0.12259615384615384 0.546875 0.014423076923076924 0.009615384615384616
1 0.15144230769230768 0.5204326923076923 0.028846153846153848 0.021634615384615384
1 0.15144230769230768 0.5360576923076923 0.028846153846153848 0.019230769230769232
1 0.18509615384615385 0.5192307692307693 0.04567307692307692 0.019230769230769232
1 0.18509615384615385 0.5336538461538461 0.04567307692307692 0.019230769230769232
1 0.22115384615384615 0.5276442307692307 0.03125 0.021634615384615384
1 0.25 0.5348557692307693 0.036057692307692304 0.014423076923076924
1 0.5324519230769231 0.5324519230769231 0.038461538461538464 0.021634615384615384
1 0.4963942307692308 0.5360576923076923 0.04326923076923077 0.026442307692307692
1 0.5348557692307693 0.5444711538461539 0.040865384615384616 0.014423076923076924
1 0.5012019230769231 0.5492788461538461 0.038461538461538464 0.019230769230769232
1 0.47475961538461536 0.5540865384615384 0.03125 0.021634615384615384
1 0.46634615384615385 0.5408653846153846 0.021634615384615384 0.014423076923076924
1 0.47596153846153844 0.5276442307692307 0.04567307692307692 0.014423076923076924
1 0.4567307692307692 0.5288461538461539 0.019230769230769232 0.01201923076923077
1 0.4423076923076923 0.5300480769230769 0.016826923076923076 0.014423076923076924
1 0.453125 0.5552884615384616 0.016826923076923076 0.016826923076923076
1 0.45072115384615385 0.5420673076923077 0.021634615384615384 0.014423076923076924
1 0.5745192307692307 0.5408653846153846 0.026442307692307692 0.021634615384615384
1 0.5649038461538461 0.5288461538461539 0.009615384615384616 0.01201923076923077
1 0.5192307692307693 0.5180288461538461 0.021634615384615384 0.009615384615384616
1 0.5456730769230769 0.515625 0.028846153846153848 0.01201923076923077
1 0.5901442307692307 0.5252403846153846 0.01201923076923077 0.01201923076923077
1 0.5997596153846154 0.5288461538461539 0.01201923076923077 0.01201923076923077
1 0.5913461538461539 0.5384615384615384 0.01201923076923077 0.014423076923076924
1 0.53125 0.5204326923076923 0.036057692307692304 0.009615384615384616
1 0.5805288461538461 0.5228365384615384 0.038461538461538464 0.014423076923076924
1 0.6322115384615384 0.5276442307692307 0.04326923076923077 0.019230769230769232
1 0.6646634615384616 0.5300480769230769 0.04326923076923077 0.019230769230769232
1 0.6153846153846154 0.5192307692307693 0.028846153846153848 0.014423076923076924
1 0.625 0.5084134615384616 0.028846153846153848 0.016826923076923076
1 0.5925480769230769 0.5108173076923077 0.014423076923076924 0.01201923076923077
1 0.6887019230769231 0.5120192307692307 0.019230769230769232 0.016826923076923076
1 0.6899038461538461 0.5240384615384616 0.019230769230769232 0.014423076923076924