1 0.0733173076923077 0.5649038461538461 0.1466346153846154 0.09134615384615384
1 0.11177884615384616 0.5829326923076923 0.20192307692307693 0.10336538461538461
1 0.18990384615384615 0.6370192307692307 0.20432692307692307 0.1201923076923077
1 0.17548076923076922 0.6983173076923077 0.2091346153846154 0.12740384615384615
1 0.35336538461538464 0.671875 0.1778846153846154 0.12259615384615384
1 0.33774038461538464 0.7247596153846154 0.1778846153846154 0.10576923076923077
1 0.057692307692307696 0.6201923076923077 0.11057692307692307 0.08653846153846154
1 0.057692307692307696 0.6850961538461539 0.11538461538461539 0.08653846153846154
1 0.019230769230769232 0.6153846153846154 0.038461538461538464 0.08173076923076923
1 0.015625 0.6754807692307693 0.03125 0.08653846153846154
1 0.5012019230769231 0.7487980769230769 0.13942307692307693 0.10576923076923077
1 0.5841346153846154 0.7079326923076923 0.11057692307692307 0.0889423076923077
1 0.5793269230769231 0.7560096153846154 0.0985576923076923 0.08653846153846154
1 0.7680288461538461 0.78125 0.18990384615384615 0.11538461538461539
1 0.875 0.8173076923076923 0.12740384615384615 0.10096153846153846
1 0.7091346153846154 0.7211538461538461 0.14903846153846154 0.09375
1 0.8245192307692307 0.7560096153846154 0.14182692307692307 0.09134615384615384
1 0.5372596153846154 0.6694711538461539 0.1201923076923077 0.07932692307692307
1 0.5108173076923077 0.7019230769230769 0.125 0.09134615384615384
1 0.359375 0.6189903846153846 0.16346153846153846 0.06971153846153846
1 0.6237980769230769 0.6538461538461539 0.08413461538461539 0.0625
1 0.765625 0.6814903846153846 0.14423076923076922 0.09375
1 0.84375 0.7079326923076923 0.125 0.08653846153846154