1 0.9350961538461539 0.45552884615384615 0.12980769230769232 0.10817307692307693
1 0.9362980769230769 0.5360576923076923 0.12740384615384615 0.10096153846153846
1 0.9459134615384616 0.6141826923076923 0.10817307692307693 0.10336538461538461
1 0.9567307692307693 0.6995192307692307 0.08653846153846154 0.10576923076923077
1 0.9663461538461539 0.7944711538461539 0.0673076923076923 0.11298076923076923
1 0.8509615384615384 0.4879807692307692 0.055288461538461536 0.09615384615384616
1 0.8665865384615384 0.5588942307692307 0.0625 0.09375
1 0.8846153846153846 0.6358173076923077 0.07211538461538461 0.09615384615384616
1 0.9086538461538461 0.7127403846153846 0.07932692307692307 0.10576923076923077
1 0.9206730769230769 0.8004807692307693 0.07451923076923077 0.10817307692307693
1 0.8737980769230769 0.8064903846153846 0.052884615384615384 0.09615384615384616
1 0.8557692307692307 0.7247596153846154 0.038461538461538464 0.0889423076923077
1 0.8137019230769231 0.5048076923076923 0.04807692307692308 0.09134615384615384
1 0.8293269230769231 0.5745192307692307 0.04326923076923077 0.08413461538461539
1 0.8401442307692307 0.6502403846153846 0.038461538461538464 0.09134615384615384
1 0.65625 0.35697115384615385 0.2644230769230769 0.23076923076923078
1 0.6670673076923077 0.46274038461538464 0.2548076923076923 0.1875
1 0.6814903846153846 0.5588942307692307 0.27163461538461536 0.18990384615384615
1 0.6971153846153846 0.6850961538461539 0.2764423076923077 0.1658653846153846
1 0.7235576923076923 0.8305288461538461 0.30288461538461536 0.1875
1 0.31490384615384615 0.21033653846153846 0.44711538461538464 0.33413461538461536
1 0.31009615384615385 0.33533653846153844 0.4735576923076923 0.3485576923076923
1 0.2920673076923077 0.47596153846153844 0.5432692307692307 0.3245192307692308
1 0.2920673076923077 0.6358173076923077 0.5673076923076923 0.2860576923076923
1 0.3016826923076923 0.8533653846153846 0.5793269230769231 0.2932692307692308