1 0.9362980769230769 0.46274038461538464 0.12740384615384615 0.10576923076923077
1 0.9362980769230769 0.5444711538461539 0.12740384615384615 0.0985576923076923
1 0.9447115384615384 0.6225961538461539 0.11057692307692307 0.10096153846153846
1 0.9555288461538461 0.7079326923076923 0.0889423076923077 0.10336538461538461
1 0.9639423076923077 0.8040865384615384 0.07211538461538461 0.11298076923076923
1 0.8509615384615384 0.49399038461538464 0.052884615384615384 0.09615384615384616
1 0.8653846153846154 0.5649038461538461 0.0625 0.09134615384615384
1 0.8822115384615384 0.6430288461538461 0.06971153846153846 0.09615384615384616
1 0.9050480769230769 0.7199519230769231 0.07692307692307693 0.10336538461538461
1 0.9146634615384616 0.8076923076923077 0.07451923076923077 0.10817307692307693
1 0.8677884615384616 0.8125 0.05048076923076923 0.09615384615384616
1 0.8521634615384616 0.7307692307692307 0.038461538461538464 0.08653846153846154
1 0.8125 0.5108173076923077 0.04567307692307692 0.09134615384615384
1 0.8269230769230769 0.5805288461538461 0.040865384615384616 0.08413461538461539
1 0.8377403846153846 0.65625 0.038461538461538464 0.09134615384615384
1 0.6586538461538461 0.359375 0.2620192307692308 0.2283653846153846
1 0.6670673076923077 0.4651442307692308 0.25240384615384615 0.18509615384615385
1 0.6802884615384616 0.5625 0.2668269230769231 0.18509615384615385
1 0.6947115384615384 0.6875 0.27403846153846156 0.16105769230769232
1 0.7175480769230769 0.8341346153846154 0.2980769230769231 0.18269230769230768
1 0.31971153846153844 0.20673076923076922 0.43990384615384615 0.3269230769230769
1 0.3125 0.3317307692307692 0.46875 0.34134615384615385
1 0.2920673076923077 0.4723557692307692 0.5384615384615384 0.31490384615384615
1 0.28966346153846156 0.6322115384615384 0.5649038461538461 0.2764423076923077
1 0.29447115384615385 0.8545673076923077 0.5745192307692307 0.29086538461538464