1 0.9302884615384616 0.5697115384615384 0.13942307692307693 0.125
1 0.9134615384615384 0.6490384615384616 0.14182692307692307 0.11778846153846154
1 0.9050480769230769 0.7271634615384616 0.12980769230769232 0.11778846153846154
1 0.8966346153846154 0.8137019230769231 0.11298076923076923 0.11778846153846154
1 0.8822115384615384 0.9086538461538461 0.0985576923076923 0.12259615384615384
1 0.8425480769230769 0.5793269230769231 0.06971153846153846 0.10336538461538461
1 0.8389423076923077 0.6514423076923077 0.07692307692307693 0.10096153846153846
1 0.8365384615384616 0.7307692307692307 0.08413461538461539 0.10576923076923077
1 0.8389423076923077 0.8112980769230769 0.09375 0.11538461538461539
1 0.828125 0.8990384615384616 0.09134615384615384 0.11778846153846154
1 0.78125 0.8930288461538461 0.06490384615384616 0.10096153846153846
1 0.7860576923076923 0.8088942307692307 0.052884615384615384 0.09134615384615384
1 0.8016826923076923 0.5865384615384616 0.06009615384615385 0.09615384615384616
1 0.7980769230769231 0.65625 0.055288461538461536 0.0889423076923077
1 0.7896634615384616 0.7331730769230769 0.052884615384615384 0.09615384615384616
1 0.6875 0.4026442307692308 0.2932692307692308 0.2668269230769231
1 0.6706730769230769 0.5072115384615384 0.2764423076923077 0.22355769230769232
1 0.6598557692307693 0.6045673076923077 0.2932692307692308 0.22596153846153846
1 0.6430288461538461 0.7295673076923077 0.2956730769230769 0.20432692307692307
1 0.6298076923076923 0.8762019230769231 0.32211538461538464 0.2283653846153846
1 0.39663461538461536 0.18389423076923078 0.4855769230769231 0.36778846153846156
1 0.3581730769230769 0.2920673076923077 0.5144230769230769 0.41346153846153844
1 0.30528846153846156 0.4230769230769231 0.5769230769230769 0.39903846153846156
1 0.2800480769230769 0.578125 0.5600961538461539 0.36778846153846156
1 0.25961538461538464 0.7980769230769231 0.5192307692307693 0.3894230769230769