1 0.7980769230769231 0.5673076923076923 0.06009615384615385 0.07211538461538461
1 0.8125 0.5096153846153846 0.06009615384615385 0.0673076923076923
1 0.8245192307692307 0.4519230769230769 0.06009615384615385 0.0673076923076923
1 0.8401442307692307 0.39783653846153844 0.055288461538461536 0.06490384615384616
1 0.8509615384615384 0.3425480769230769 0.055288461538461536 0.0673076923076923
1 0.8665865384615384 0.2824519230769231 0.057692307692307696 0.07211538461538461
1 0.8822115384615384 0.2283653846153846 0.05048076923076923 0.0625
1 0.7524038461538461 0.5504807692307693 0.0625 0.07451923076923077
1 0.7668269230769231 0.49278846153846156 0.0625 0.06971153846153846
1 0.7836538461538461 0.43509615384615385 0.0625 0.06971153846153846
1 0.7980769230769231 0.3786057692307692 0.06009615384615385 0.0673076923076923
1 0.8112980769230769 0.32211538461538464 0.06009615384615385 0.07211538461538461
1 0.8233173076923077 0.265625 0.05048076923076923 0.0625
1 0.7067307692307693 0.5336538461538461 0.055288461538461536 0.0673076923076923
1 0.7235576923076923 0.47716346153846156 0.055288461538461536 0.0673076923076923
1 0.734375 0.421875 0.055288461538461536 0.0673076923076923
1 0.75 0.3629807692307692 0.06009615384615385 0.07211538461538461
1 0.765625 0.3112980769230769 0.055288461538461536 0.06490384615384616
1 0.7776442307692307 0.2536057692307692 0.05048076923076923 0.0673076923076923
1 0.7932692307692307 0.1971153846153846 0.04567307692307692 0.057692307692307696
1 0.6586538461538461 0.5192307692307693 0.057692307692307696 0.07211538461538461
1 0.6742788461538461 0.46033653846153844 0.06009615384615385 0.0673076923076923
1 0.6887019230769231 0.4026442307692308 0.06009615384615385 0.07211538461538461
1 0.7019230769230769 0.34975961538461536 0.057692307692307696 0.06490384615384616
1 0.7139423076923077 0.2956730769230769 0.057692307692307696 0.06490384615384616
1 0.7319711538461539 0.23918269230769232 0.055288461538461536 0.0673076923076923
1 0.7596153846153846 0.1814903846153846 0.04326923076923077 0.06009615384615385
1 0.8173076923076923 0.17307692307692307 0.07451923076923077 0.06971153846153846
1 0.7620192307692307 0.1201923076923077 0.07211538461538461 0.06490384615384616
1 0.7163461538461539 0.11057692307692307 0.040865384615384616 0.06009615384615385
1 0.6875 0.10817307692307693 0.038461538461538464 0.055288461538461536
1 0.7283653846153846 0.17307692307692307 0.04567307692307692 0.06490384615384616
1 0.7019230769230769 0.16706730769230768 0.036057692307692304 0.06009615384615385
1 0.6634615384615384 0.24879807692307693 0.0889423076923077 0.08173076923076923
1 0.6478365384615384 0.3112980769230769 0.08653846153846154 0.07932692307692307
1 0.6358173076923077 0.36658653846153844 0.07932692307692307 0.07211538461538461
1 0.625 0.42788461538461536 0.0673076923076923 0.06971153846153846
1 0.6117788461538461 0.4879807692307692 0.07211538461538461 0.07932692307692307
1 0.6550480769230769 0.1875 0.06971153846153846 0.0673076923076923
1 0.6634615384615384 0.10216346153846154 0.040865384615384616 0.06009615384615385
1 0.6370192307692307 0.09375 0.04567307692307692 0.06490384615384616
1 0.5252403846153846 0.47115384615384615 0.06009615384615385 0.07211538461538461
1 0.5408653846153846 0.4098557692307692 0.06009615384615385 0.07211538461538461
1 0.5540865384615384 0.3485576923076923 0.0625 0.06971153846153846
1 0.5685096153846154 0.28966346153846156 0.0625 0.06490384615384616
1 0.5829326923076923 0.23076923076923078 0.06490384615384616 0.07211538461538461
1 0.5973557692307693 0.17307692307692307 0.06009615384615385 0.06009615384615385
1 0.6069711538461539 0.09735576923076923 0.04326923076923077 0.06009615384615385
1 0.578125 0.08774038461538461 0.04326923076923077 0.06009615384615385
1 0.5456730769230769 0.15745192307692307 0.07211538461538461 0.07211538461538461
1 0.5360576923076923 0.2127403846153846 0.06971153846153846 0.07692307692307693
1 0.4723557692307692 0.4543269230769231 0.07211538461538461 0.07932692307692307
1 0.4891826923076923 0.390625 0.07211538461538461 0.07932692307692307
1 0.5060096153846154 0.33413461538461536 0.06490384615384616 0.07692307692307693
1 0.5204326923076923 0.27283653846153844 0.06971153846153846 0.07692307692307693
1 0.4206730769230769 0.4411057692307692 0.06490384615384616 0.07692307692307693
1 0.4362980769230769 0.37740384615384615 0.06971153846153846 0.08173076923076923
1 0.4495192307692308 0.3137019230769231 0.07211538461538461 0.07211538461538461
1 0.46274038461538464 0.2512019230769231 0.07451923076923077 0.08173076923076923
1 0.47836538461538464 0.18870192307692307 0.06971153846153846 0.07692307692307693
1 0.4951923076923077 0.1310096153846154 0.06971153846153846 0.07451923076923077
1 0.5108173076923077 0.09134615384615384 0.08653846153846154 0.06009615384615385
1 0.38822115384615385 0.028846153846153848 0.09375 0.057692307692307696
1 0.3762019230769231 0.07932692307692307 0.0985576923076923 0.09615384615384616
1 0.43990384615384615 0.11177884615384616 0.07692307692307693 0.08173076923076923
1 0.42427884615384615 0.17307692307692307 0.07211538461538461 0.07932692307692307
1 0.4098557692307692 0.23197115384615385 0.07692307692307693 0.08173076923076923
1 0.39663461538461536 0.29447115384615385 0.07692307692307693 0.08173076923076923
1 0.37740384615384615 0.359375 0.07692307692307693 0.08173076923076923
1 0.3641826923076923 0.421875 0.07692307692307693 0.07932692307692307
1 0.36899038461538464 0.14903846153846154 0.07451923076923077 0.08173076923076923
1 0.3557692307692308 0.2127403846153846 0.07451923076923077 0.08173076923076923
1 0.3401442307692308 0.2764423076923077 0.07211538461538461 0.07932692307692307
1 0.3245192307692308 0.33774038461538464 0.07451923076923077 0.08653846153846154
1 0.3088942307692308 0.40384615384615385 0.07211538461538461 0.07932692307692307
1 0.25240384615384615 0.3858173076923077 0.07211538461538461 0.07451923076923077
1 0.2668269230769231 0.32572115384615385 0.07211538461538461 0.07451923076923077
1 0.2824519230769231 0.2644230769230769 0.07211538461538461 0.07451923076923077
1 0.296875 0.20192307692307693 0.07211538461538461 0.07932692307692307
1 0.31009615384615385 0.140625 0.07932692307692307 0.07211538461538461
1 0.3245192307692308 0.07932692307692307 0.07211538461538461 0.07451923076923077
1 0.29447115384615385 0.016826923076923076 0.0889423076923077 0.03365384615384615
1 0.19471153846153846 0.36899038461538464 0.07211538461538461 0.07932692307692307
1 0.2091346153846154 0.3016826923076923 0.07451923076923077 0.08173076923076923
1 0.2247596153846154 0.234375 0.07211538461538461 0.07932692307692307
1 0.23798076923076922 0.17067307692307693 0.07932692307692307 0.07692307692307693
1 0.25600961538461536 0.109375 0.08653846153846154 0.0889423076923077
1 0.2704326923076923 0.04927884615384615 0.08413461538461539 0.08173076923076923
1 0.12740384615384615 0.34615384615384615 0.08173076923076923 0.08413461538461539
1 0.14302884615384615 0.27884615384615385 0.08413461538461539 0.08413461538461539
1 0.15985576923076922 0.21394230769230768 0.07932692307692307 0.07932692307692307
1 0.17908653846153846 0.14903846153846154 0.09134615384615384 0.09375
1 0.19230769230769232 0.07932692307692307 0.09134615384615384 0.09134615384615384
1 0.20673076923076922 0.03125 0.09134615384615384 0.0625
1 0.06370192307692307 0.3293269230769231 0.08413461538461539 0.08413461538461539
1 0.08052884615384616 0.2608173076923077 0.08653846153846154 0.09375
1 0.09975961538461539 0.1935096153846154 0.07692307692307693 0.07932692307692307
1 0.1141826923076923 0.12620192307692307 0.08173076923076923 0.0889423076923077
1 0.13341346153846154 0.056490384615384616 0.08653846153846154 0.09375
1 0.1466346153846154 0.015625 0.08173076923076923 0.03125