1 0.7355769230769231 0.3173076923076923 0.4567307692307692 0.5288461538461539
1 0.9519230769230769 0.24278846153846154 0.09615384615384616 0.16826923076923078
1 0.8125 0.41225961538461536 0.375 0.3629807692307692
1 0.7596153846153846 0.5685096153846154 0.46153846153846156 0.38461538461538464
1 0.7427884615384616 0.6947115384615384 0.49278846153846156 0.3894230769230769
1 0.7151442307692307 0.8509615384615384 0.44471153846153844 0.2980769230769231
1 0.4098557692307692 0.3329326923076923 0.13701923076923078 0.15384615384615385
1 0.31490384615384615 0.4026442307692308 0.15865384615384615 0.16346153846153846
1 0.2800480769230769 0.5276442307692307 0.15865384615384615 0.14903846153846154
1 0.23918269230769232 0.6574519230769231 0.16346153846153846 0.18509615384615385
1 0.17307692307692307 0.7800480769230769 0.11298076923076923 0.15625
1 0.42908653846153844 0.5769230769230769 0.10817307692307693 0.1346153846153846
1 0.4855769230769231 0.5973557692307693 0.10336538461538461 0.125
1 0.40384615384615385 0.44591346153846156 0.10576923076923077 0.12259615384615384
1 0.10697115384615384 0.7704326923076923 0.10096153846153846 0.12259615384615384
1 0.1346153846153846 0.6826923076923077 0.09615384615384616 0.10817307692307693
1 0.15985576923076922 0.6009615384615384 0.0985576923076923 0.11298076923076923
1 0.18389423076923078 0.5240384615384616 0.0889423076923077 0.10096153846153846
1 0.21634615384615385 0.43509615384615385 0.10096153846153846 0.12259615384615384