1 0.7151442307692307 0.2932692307692308 0.41586538461538464 0.5024038461538461
1 0.9399038461538461 0.19471153846153846 0.11298076923076923 0.16105769230769232
1 0.8125 0.37740384615384615 0.375 0.3317307692307692
1 0.7644230769230769 0.5408653846153846 0.43990384615384615 0.35096153846153844
1 0.7620192307692307 0.6682692307692307 0.47115384615384615 0.35096153846153844
1 0.7524038461538461 0.8413461538461539 0.42788461538461536 0.29086538461538464
1 0.39302884615384615 0.3425480769230769 0.12740384615384615 0.1466346153846154
1 0.30528846153846156 0.4230769230769231 0.1466346153846154 0.15384615384615385
1 0.28365384615384615 0.5504807692307693 0.1466346153846154 0.13942307692307693
1 0.25721153846153844 0.6838942307692307 0.14903846153846154 0.17548076923076922
1 0.203125 0.8125 0.10096153846153846 0.15144230769230768
1 0.4375 0.5829326923076923 0.09615384615384616 0.12740384615384615
1 0.4963942307692308 0.5973557692307693 0.09375 0.1201923076923077
1 0.39903846153846156 0.4567307692307692 0.09615384615384616 0.11538461538461539
1 0.13701923076923078 0.8100961538461539 0.09134615384615384 0.11538461538461539
1 0.15625 0.7199519230769231 0.08653846153846154 0.10336538461538461
1 0.17307692307692307 0.6358173076923077 0.09134615384615384 0.10817307692307693
1 0.18870192307692307 0.5564903846153846 0.08173076923076923 0.09615384615384616
1 0.21153846153846154 0.4651442307692308 0.09134615384615384 0.11538461538461539