1 0.1502403846153846 0.43149038461538464 0.14903846153846154 0.1201923076923077
1 0.12740384615384615 0.5192307692307693 0.15384615384615385 0.12980769230769232
1 0.2127403846153846 0.5384615384615384 0.07211538461538461 0.11298076923076923
1 0.24879807692307693 0.546875 0.0625 0.11298076923076923
1 0.2860576923076923 0.5552884615384616 0.0673076923076923 0.10336538461538461
1 0.5144230769230769 0.4519230769230769 0.19471153846153846 0.13701923076923078
1 0.46274038461538464 0.5192307692307693 0.17548076923076922 0.13221153846153846
1 0.42788461538461536 0.5973557692307693 0.14423076923076922 0.125
1 0.6358173076923077 0.546875 0.21634615384615385 0.15384615384615385
1 0.5913461538461539 0.6478365384615384 0.2548076923076923 0.18028846153846154
1 0.8533653846153846 0.5576923076923077 0.2932692307692308 0.23076923076923078
1 0.8245192307692307 0.7079326923076923 0.3004807692307692 0.23076923076923078