1 0.1466346153846154 0.45552884615384615 0.1466346153846154 0.11057692307692307
1 0.12980769230769232 0.5456730769230769 0.1466346153846154 0.12259615384615384
1 0.21634615384615385 0.5588942307692307 0.06490384615384616 0.11298076923076923
1 0.2536057692307692 0.5637019230769231 0.055288461538461536 0.11057692307692307
1 0.29086538461538464 0.5709134615384616 0.0625 0.10096153846153846
1 0.5108173076923077 0.45072115384615385 0.18990384615384615 0.12740384615384615
1 0.4639423076923077 0.5216346153846154 0.17067307692307693 0.12259615384615384
1 0.4338942307692308 0.6021634615384616 0.13942307692307693 0.11778846153846154
1 0.6382211538461539 0.5372596153846154 0.21153846153846154 0.14182692307692307
1 0.6021634615384616 0.6418269230769231 0.25 0.1658653846153846
1 0.8569711538461539 0.53125 0.2860576923076923 0.21634615384615385
1 0.8389423076923077 0.6838942307692307 0.29086538461538464 0.21634615384615385