1 0.7451923076923077 0.6189903846153846 0.39903846153846156 0.42788461538461536
1 0.7524038461538461 0.47475961538461536 0.3798076923076923 0.4182692307692308
1 0.7668269230769231 0.35096153846153844 0.36778846153846156 0.4110576923076923
1 0.7716346153846154 0.2403846153846154 0.34615384615384615 0.4014423076923077
1 0.7716346153846154 0.17427884615384615 0.30528846153846156 0.30528846153846156
1 0.7391826923076923 0.1201923076923077 0.19951923076923078 0.1875
1 0.3942307692307692 0.7728365384615384 0.29086538461538464 0.31971153846153844
1 0.4230769230769231 0.6454326923076923 0.29086538461538464 0.3173076923076923
1 0.4495192307692308 0.5360576923076923 0.28365384615384615 0.31490384615384615
1 0.4735576923076923 0.4338942307692308 0.2692307692307692 0.31009615384615385
1 0.49278846153846156 0.3473557692307692 0.27884615384615385 0.31009615384615385
1 0.5096153846153846 0.2512019230769231 0.24759615384615385 0.2860576923076923
1 0.15384615384615385 0.8545673076923077 0.1971153846153846 0.20673076923076922
1 0.18028846153846154 0.7632211538461539 0.21153846153846154 0.25
1 0.21394230769230768 0.6682692307692307 0.21634615384615385 0.25
1 0.22716346153846154 0.6225961538461539 0.18990384615384615 0.16346153846153846
1 0.2704326923076923 0.4891826923076923 0.20192307692307693 0.23798076923076922
1 0.23918269230769232 0.578125 0.20673076923076922 0.25
1 0.2932692307692308 0.4098557692307692 0.19471153846153846 0.2403846153846154
1 0.04567307692307692 0.8353365384615384 0.09134615384615384 0.16105769230769232
1 0.06129807692307692 0.7596153846153846 0.12259615384615384 0.20192307692307693
1 0.0733173076923077 0.671875 0.1466346153846154 0.1778846153846154
1 0.10576923076923077 0.5925480769230769 0.14903846153846154 0.19471153846153846
1 0.1201923076923077 0.5264423076923077 0.14182692307692307 0.18990384615384615