1 0.765625 0.5612980769230769 0.3581730769230769 0.3918269230769231
1 0.7403846153846154 0.4182692307692308 0.3389423076923077 0.38461538461538464
1 0.7259615384615384 0.29447115384615385 0.3269230769230769 0.3798076923076923
1 0.7067307692307693 0.18629807692307693 0.3076923076923077 0.3701923076923077
1 0.6923076923076923 0.12980769230769232 0.27884615384615385 0.25961538461538464
1 0.6466346153846154 0.07932692307692307 0.18269230769230768 0.15865384615384615
1 0.45913461538461536 0.7896634615384616 0.25961538461538464 0.2932692307692308
1 0.4579326923076923 0.6586538461538461 0.25961538461538464 0.29086538461538464
1 0.45913461538461536 0.546875 0.25240384615384615 0.29086538461538464
1 0.45913461538461536 0.4423076923076923 0.2403846153846154 0.2860576923076923
1 0.45913461538461536 0.35336538461538464 0.24759615384615385 0.2860576923076923
1 0.453125 0.25600961538461536 0.21875 0.2644230769230769
1 0.24278846153846154 0.9134615384615384 0.1778846153846154 0.17307692307692307
1 0.24759615384615385 0.828125 0.1875 0.23076923076923078
1 0.25961538461538464 0.7283653846153846 0.19230769230769232 0.23076923076923078
1 0.2620192307692308 0.6814903846153846 0.17548076923076922 0.1466346153846154
1 0.27403846153846156 0.5408653846153846 0.18028846153846154 0.22115384615384615
1 0.2644230769230769 0.6346153846153846 0.18269230769230768 0.23076923076923078
1 0.27884615384615385 0.45913461538461536 0.17067307692307693 0.22355769230769232
1 0.11177884615384616 0.9290865384615384 0.11778846153846154 0.14182692307692307
1 0.11538461538461539 0.8545673076923077 0.1346153846153846 0.18990384615384615
1 0.12259615384615384 0.7644230769230769 0.12980769230769232 0.1658653846153846
1 0.13581730769230768 0.6790865384615384 0.12980769230769232 0.18269230769230768
1 0.13581730769230768 0.6105769230769231 0.12259615384615384 0.1778846153846154