1 0.8269230769230769 0.7512019230769231 0.34615384615384615 0.4735576923076923
1 0.9146634615384616 0.328125 0.17067307692307693 0.45913461538461536
1 0.7848557692307693 0.14783653846153846 0.40625 0.2956730769230769
1 0.5841346153846154 0.07932692307692307 0.3076923076923077 0.15865384615384615
1 0.3786057692307692 0.052884615384615384 0.11298076923076923 0.0985576923076923
1 0.27163461538461536 0.10216346153846154 0.13221153846153846 0.1658653846153846
1 0.18509615384615385 0.16826923076923078 0.07451923076923077 0.10336538461538461
1 0.109375 0.21394230769230768 0.12259615384615384 0.11538461538461539
1 0.6634615384615384 0.40384615384615385 0.39903846153846156 0.39903846153846156
1 0.4675480769230769 0.23557692307692307 0.2956730769230769 0.31971153846153844
1 0.34375 0.15985576923076922 0.21153846153846154 0.24759615384615385
1 0.1814903846153846 0.25961538461538464 0.14903846153846154 0.17067307692307693
1 0.25721153846153844 0.3425480769230769 0.20192307692307693 0.22596153846153846
1 0.36658653846153844 0.48197115384615385 0.2644230769230769 0.2860576923076923
1 0.5216346153846154 0.7728365384615384 0.3581730769230769 0.4206730769230769
1 0.2536057692307692 0.7512019230769231 0.23798076923076922 0.3004807692307692
1 0.078125 0.7487980769230769 0.13942307692307693 0.23317307692307693
1 0.16346153846153846 0.5360576923076923 0.17067307692307693 0.21153846153846154
1 0.046875 0.5709134615384616 0.0889423076923077 0.16346153846153846
1 0.12379807692307693 0.4098557692307692 0.10096153846153846 0.15625
1 0.10817307692307693 0.3641826923076923 0.08653846153846154 0.11298076923076923
1 0.04567307692307692 0.31490384615384615 0.08653846153846154 0.11298076923076923
1 0.027644230769230768 0.41466346153846156 0.055288461538461536 0.0985576923076923