1 0.9747596153846154 0.3233173076923077 0.05048076923076923 0.12740384615384615
1 0.9603365384615384 0.4254807692307692 0.07932692307692307 0.13942307692307693
1 0.9435096153846154 0.5252403846153846 0.10336538461538461 0.13942307692307693
1 0.9182692307692307 0.6189903846153846 0.10576923076923077 0.14423076923076922
1 0.890625 0.7211538461538461 0.10096153846153846 0.14182692307692307
1 0.9278846153846154 0.3293269230769231 0.0889423076923077 0.10817307692307693
1 0.9026442307692307 0.4170673076923077 0.09375 0.14423076923076922
1 0.8725961538461539 0.5192307692307693 0.09375 0.13701923076923078
1 0.8521634615384616 0.6069711538461539 0.09375 0.12740384615384615
1 0.8341346153846154 0.6802884615384616 0.09615384615384616 0.12740384615384615
1 0.8521634615384616 0.3557692307692308 0.0889423076923077 0.13701923076923078
1 0.8305288461538461 0.4495192307692308 0.0889423076923077 0.11778846153846154
1 0.8064903846153846 0.5360576923076923 0.08653846153846154 0.11298076923076923
1 0.7836538461538461 0.6274038461538461 0.09375 0.13701923076923078
1 0.9050480769230769 0.28125 0.13701923076923078 0.0889423076923077
1 0.8137019230769231 0.27884615384615385 0.08173076923076923 0.10576923076923077
1 0.7956730769230769 0.3485576923076923 0.07692307692307693 0.0985576923076923
1 0.7776442307692307 0.421875 0.08173076923076923 0.10817307692307693
1 0.7560096153846154 0.5012019230769231 0.08413461538461539 0.11298076923076923
1 0.734375 0.5817307692307693 0.07932692307692307 0.11298076923076923