1 0.9350961538461539 0.20072115384615385 0.06971153846153846 0.11298076923076923
1 0.9350961538461539 0.30649038461538464 0.06971153846153846 0.125
1 0.9350961538461539 0.4098557692307692 0.07451923076923077 0.125
1 0.9350961538461539 0.5060096153846154 0.07451923076923077 0.12980769230769232
1 0.9350961538461539 0.6129807692307693 0.06971153846153846 0.12980769230769232
1 0.8689903846153846 0.2247596153846154 0.0673076923076923 0.09375
1 0.8677884615384616 0.3161057692307692 0.0625 0.13221153846153846
1 0.8653846153846154 0.421875 0.0625 0.125
1 0.8677884615384616 0.5120192307692307 0.0673076923076923 0.11298076923076923
1 0.8689903846153846 0.5877403846153846 0.06971153846153846 0.11298076923076923
1 0.8028846153846154 0.2692307692307692 0.057692307692307696 0.125
1 0.8064903846153846 0.36538461538461536 0.0625 0.10576923076923077
1 0.8052884615384616 0.45552884615384615 0.0625 0.10096153846153846
1 0.8064903846153846 0.5492788461538461 0.0625 0.125
1 0.8341346153846154 0.18389423076923078 0.125 0.057692307692307696
1 0.7463942307692307 0.20552884615384615 0.057692307692307696 0.09375
1 0.7463942307692307 0.2776442307692308 0.055288461538461536 0.08653846153846154
1 0.7475961538461539 0.35336538461538464 0.057692307692307696 0.09615384615384616
1 0.7475961538461539 0.43509615384615385 0.057692307692307696 0.10096153846153846
1 0.7475961538461539 0.5180288461538461 0.055288461538461536 0.10096153846153846