1 0.8701923076923077 0.12379807692307693 0.0889423076923077 0.125
1 0.890625 0.22716346153846154 0.09134615384615384 0.13701923076923078
1 0.9098557692307693 0.328125 0.09615384615384616 0.13701923076923078
1 0.9278846153846154 0.4230769230769231 0.0985576923076923 0.13942307692307693
1 0.9483173076923077 0.5276442307692307 0.09375 0.13942307692307693
1 0.8100961538461539 0.15985576923076922 0.08173076923076923 0.10576923076923077
1 0.8257211538461539 0.24879807692307693 0.08653846153846154 0.14182692307692307
1 0.84375 0.35336538461538464 0.08413461538461539 0.1346153846153846
1 0.8629807692307693 0.4411057692307692 0.08653846153846154 0.12259615384615384
1 0.8786057692307693 0.515625 0.0889423076923077 0.125
1 0.7536057692307693 0.21514423076923078 0.08173076923076923 0.1346153846153846
1 0.7752403846153846 0.3088942307692308 0.08173076923076923 0.11538461538461539
1 0.7908653846153846 0.39783653846153844 0.08173076923076923 0.11057692307692307
1 0.8100961538461539 0.49038461538461536 0.08413461538461539 0.1346153846153846
1 0.7680288461538461 0.12620192307692307 0.1346153846153846 0.08173076923076923
1 0.6850961538461539 0.16346153846153846 0.07451923076923077 0.10336538461538461
1 0.6995192307692307 0.234375 0.06971153846153846 0.09615384615384616
1 0.7151442307692307 0.3088942307692308 0.07692307692307693 0.10576923076923077
1 0.7307692307692307 0.3894230769230769 0.07692307692307693 0.11057692307692307
1 0.7463942307692307 0.4699519230769231 0.07451923076923077 0.11057692307692307