1 0.5192307692307693 0.734375 0.10096153846153846 0.12740384615384615
1 0.5324519230769231 0.8461538461538461 0.10096153846153846 0.13701923076923078
1 0.5456730769230769 0.9483173076923077 0.10096153846153846 0.10336538461538461
1 0.4495192307692308 0.8088942307692307 0.08413461538461539 0.13221153846153846
1 0.46274038461538464 0.9326923076923077 0.07932692307692307 0.1346153846153846
1 0.3762019230769231 0.7956730769230769 0.08173076923076923 0.17548076923076922
1 0.3942307692307692 0.9338942307692307 0.08653846153846154 0.13221153846153846
1 0.390625 0.6370192307692307 0.15865384615384615 0.2403846153846154
1 0.3329326923076923 0.41947115384615385 0.08653846153846154 0.2283653846153846
1 0.5540865384615384 0.32572115384615385 0.5264423076923077 0.6514423076923077
1 0.19591346153846154 0.7163461538461539 0.38221153846153844 0.5673076923076923
1 0.16105769230769232 0.4675480769230769 0.32211538461538464 0.8677884615384616
1 0.17548076923076922 0.32211538461538464 0.23076923076923078 0.5793269230769231