1 0.546875 0.7295673076923077 0.11298076923076923 0.1346153846153846
1 0.5745192307692307 0.8389423076923077 0.11538461538461539 0.1466346153846154
1 0.5997596153846154 0.9399038461538461 0.11057692307692307 0.11298076923076923
1 0.4879807692307692 0.8125 0.0985576923076923 0.13701923076923078
1 0.515625 0.9326923076923077 0.09375 0.1346153846153846
1 0.41346153846153844 0.8088942307692307 0.10096153846153846 0.1778846153846154
1 0.4495192307692308 0.9375 0.10096153846153846 0.125
1 0.40865384615384615 0.6490384615384616 0.18269230769230768 0.25240384615384615
1 0.3245192307692308 0.4411057692307692 0.11057692307692307 0.23076923076923078
1 0.53125 0.3329326923076923 0.5913461538461539 0.6658653846153846
1 0.22716346153846154 0.7283653846153846 0.44471153846153844 0.5432692307692307
1 0.18389423076923078 0.5096153846153846 0.36778846153846156 0.8798076923076923
1 0.15625 0.3629807692307692 0.2956730769230769 0.5841346153846154