1 0.5228365384615384 0.7331730769230769 0.10096153846153846 0.12980769230769232
1 0.5384615384615384 0.8449519230769231 0.10336538461538461 0.13942307692307693
1 0.5528846153846154 0.9471153846153846 0.10336538461538461 0.10576923076923077
1 0.45552884615384615 0.8100961538461539 0.08653846153846154 0.1346153846153846
1 0.4699519230769231 0.9326923076923077 0.07932692307692307 0.1346153846153846
1 0.38221153846153844 0.7980769230769231 0.08413461538461539 0.17548076923076922
1 0.4026442307692308 0.9350961538461539 0.0889423076923077 0.12980769230769232
1 0.39302884615384615 0.6382211538461539 0.16346153846153846 0.24278846153846154
1 0.3317307692307692 0.4230769230769231 0.0889423076923077 0.2283653846153846
1 0.5516826923076923 0.32572115384615385 0.5360576923076923 0.6514423076923077
1 0.19951923076923078 0.71875 0.3894230769230769 0.5625
1 0.16466346153846154 0.4735576923076923 0.3293269230769231 0.8701923076923077
1 0.171875 0.328125 0.2403846153846154 0.5793269230769231