1 0.7007211538461539 0.17548076923076922 0.4567307692307692 0.16346153846153846
1 0.7127403846153846 0.296875 0.46634615384615385 0.18028846153846154
1 0.7211538461538461 0.42427884615384615 0.46634615384615385 0.18028846153846154
1 0.7331730769230769 0.5625 0.47115384615384615 0.18509615384615385
1 0.7512019230769231 0.7019230769230769 0.4807692307692308 0.18269230769230768
1 0.23918269230769232 0.0889423076923077 0.4326923076923077 0.15144230769230768
1 0.24278846153846154 0.21033653846153846 0.4543269230769231 0.16826923076923078
1 0.25 0.33653846153846156 0.46153846153846156 0.16826923076923078
1 0.25841346153846156 0.4639423076923077 0.47115384615384615 0.18028846153846154
1 0.26322115384615385 0.6009615384615384 0.47836538461538464 0.17548076923076922
1 0.27283653846153844 0.7331730769230769 0.4807692307692308 0.1778846153846154