1 0.7439903846153846 0.20673076923076922 0.4567307692307692 0.16346153846153846
1 0.7379807692307693 0.328125 0.46634615384615385 0.18028846153846154
1 0.7295673076923077 0.45552884615384615 0.46634615384615385 0.18028846153846154
1 0.7223557692307693 0.59375 0.47115384615384615 0.18509615384615385
1 0.7211538461538461 0.734375 0.4807692307692308 0.18269230769230768
1 0.2980769230769231 0.06610576923076923 0.4326923076923077 0.13221153846153846
1 0.2848557692307692 0.1778846153846154 0.4543269230769231 0.16826923076923078
1 0.27524038461538464 0.30408653846153844 0.46153846153846156 0.16826923076923078
1 0.2668269230769231 0.43028846153846156 0.47115384615384615 0.18028846153846154
1 0.25240384615384615 0.5673076923076923 0.47836538461538464 0.17548076923076922
1 0.24278846153846154 0.6983173076923077 0.4807692307692308 0.1778846153846154