1 0.09014423076923077 0.06009615384615385 0.18028846153846154 0.09615384615384616
1 0.1502403846153846 0.06610576923076923 0.10817307692307693 0.0985576923076923
1 0.056490384615384616 0.1141826923076923 0.10817307692307693 0.10336538461538461
1 0.18509615384615385 0.1045673076923077 0.11057692307692307 0.0889423076923077
1 0.08653846153846154 0.16346153846153846 0.11778846153846154 0.11538461538461539
1 0.016826923076923076 0.1875 0.03365384615384615 0.0673076923076923
1 0.16826923076923078 0.18629807692307693 0.20432692307692307 0.18028846153846154
1 0.23677884615384615 0.2127403846153846 0.11778846153846154 0.11057692307692307
1 0.14182692307692307 0.27163461538461536 0.08653846153846154 0.07451923076923077
1 0.27163461538461536 0.2800480769230769 0.11538461538461539 0.14182692307692307
1 0.18028846153846154 0.32211538461538464 0.11778846153846154 0.1346153846153846
1 0.052884615384615384 0.3269230769230769 0.10576923076923077 0.15865384615384615
1 0.03485576923076923 0.24759615384615385 0.06971153846153846 0.10096153846153846
1 0.08052884615384616 0.3629807692307692 0.11538461538461539 0.11057692307692307
1 0.109375 0.41466346153846156 0.11538461538461539 0.11538461538461539
1 0.037259615384615384 0.4567307692307692 0.07451923076923077 0.10576923076923077
1 0.0985576923076923 0.5108173076923077 0.1971153846153846 0.19471153846153846
1 0.27884615384615385 0.39903846153846156 0.20673076923076922 0.18990384615384615
1 0.3137019230769231 0.4579326923076923 0.21394230769230768 0.18028846153846154
1 0.3942307692307692 0.46634615384615385 0.11538461538461539 0.10336538461538461
1 0.37740384615384615 0.5552884615384616 0.21394230769230768 0.20432692307692307
1 0.38822115384615385 0.6478365384615384 0.1971153846153846 0.18269230769230768
1 0.23677884615384615 0.6478365384615384 0.1201923076923077 0.15384615384615385
1 0.20192307692307693 0.578125 0.11538461538461539 0.12740384615384615
1 0.07572115384615384 0.5877403846153846 0.12259615384615384 0.15144230769230768
1 0.13581730769230768 0.7019230769230769 0.1201923076923077 0.15625
1 0.06490384615384616 0.7307692307692307 0.038461538461538464 0.11778846153846154
1 0.13942307692307693 0.7848557692307693 0.1201923076923077 0.125
1 0.24639423076923078 0.7283653846153846 0.11057692307692307 0.12980769230769232
1 0.02283653846153846 0.6959134615384616 0.036057692307692304 0.11778846153846154
1 0.6117788461538461 0.9122596153846154 0.21394230769230768 0.16105769230769232
1 0.6670673076923077 0.9423076923076923 0.18990384615384615 0.09615384615384616