1 0.31490384615384615 0.22956730769230768 0.04807692307692308 0.036057692307692304
1 0.3173076923076923 0.2608173076923077 0.04326923076923077 0.040865384615384616
1 0.2764423076923077 0.2608173076923077 0.04326923076923077 0.036057692307692304
1 0.29927884615384615 0.28725961538461536 0.08173076923076923 0.036057692307692304
1 0.30408653846153844 0.3161057692307692 0.08413461538461539 0.03125
1 0.30649038461538464 0.3473557692307692 0.08653846153846154 0.038461538461538464
1 0.30649038461538464 0.38100961538461536 0.08413461538461539 0.03125
1 0.3088942307692308 0.40865384615384615 0.08413461538461539 0.040865384615384616
1 0.3088942307692308 0.4411057692307692 0.08653846153846154 0.038461538461538464
1 0.31009615384615385 0.4723557692307692 0.08653846153846154 0.038461538461538464
1 0.31009615384615385 0.5024038461538461 0.08653846153846154 0.038461538461538464
1 0.31009615384615385 0.5324519230769231 0.08653846153846154 0.040865384615384616
1 0.3112980769230769 0.5661057692307693 0.08413461538461539 0.040865384615384616
1 0.3112980769230769 0.5961538461538461 0.08653846153846154 0.03125
1 0.3137019230769231 0.6262019230769231 0.08173076923076923 0.038461538461538464
1 0.3137019230769231 0.6586538461538461 0.08653846153846154 0.036057692307692304
1 0.3137019230769231 0.6887019230769231 0.08653846153846154 0.040865384615384616
1 0.28365384615384615 0.71875 0.04807692307692308 0.036057692307692304
1 0.2860576923076923 0.7487980769230769 0.04807692307692308 0.03125
1 0.3329326923076923 0.7163461538461539 0.05048076923076923 0.03365384615384615
1 0.3317307692307692 0.7463942307692307 0.04807692307692308 0.036057692307692304
1 0.3293269230769231 0.7836538461538461 0.05048076923076923 0.040865384615384616
1 0.40865384615384615 0.7788461538461539 0.08173076923076923 0.038461538461538464
1 0.40865384615384615 0.7463942307692307 0.08653846153846154 0.036057692307692304
1 0.40865384615384615 0.7163461538461539 0.08413461538461539 0.036057692307692304
1 0.40865384615384615 0.6826923076923077 0.08653846153846154 0.038461538461538464
1 0.4074519230769231 0.6538461538461539 0.08413461538461539 0.040865384615384616
1 0.40865384615384615 0.6237980769230769 0.08653846153846154 0.036057692307692304
1 0.4074519230769231 0.5901442307692307 0.08653846153846154 0.040865384615384616
1 0.40865384615384615 0.5612980769230769 0.08653846153846154 0.040865384615384616
1 0.40865384615384615 0.5324519230769231 0.08653846153846154 0.036057692307692304
1 0.4074519230769231 0.5024038461538461 0.08653846153846154 0.040865384615384616
1 0.40625 0.4699519230769231 0.08653846153846154 0.040865384615384616
1 0.40625 0.4375 0.08653846153846154 0.038461538461538464
1 0.40625 0.40384615384615385 0.08653846153846154 0.036057692307692304
1 0.40024038461538464 0.37740384615384615 0.08653846153846154 0.036057692307692304
1 0.40024038461538464 0.3485576923076923 0.08653846153846154 0.036057692307692304
1 0.39903846153846156 0.3161057692307692 0.08653846153846154 0.038461538461538464
1 0.39903846153846156 0.28725961538461536 0.08653846153846154 0.036057692307692304
1 0.39783653846153844 0.25721153846153844 0.08653846153846154 0.040865384615384616
1 0.39663461538461536 0.22235576923076922 0.08653846153846154 0.040865384615384616
1 0.49038461538461536 0.21995192307692307 0.08653846153846154 0.038461538461538464
1 0.49278846153846156 0.28365384615384615 0.08173076923076923 0.028846153846153848
1 0.49399038461538464 0.3449519230769231 0.08173076923076923 0.028846153846153848
1 0.4963942307692308 0.4074519230769231 0.07932692307692307 0.03125
1 0.49759615384615385 0.46875 0.07692307692307693 0.03125
1 0.4987980769230769 0.5300480769230769 0.07692307692307693 0.028846153846153848
1 0.5 0.5913461538461539 0.07932692307692307 0.03125
1 0.5012019230769231 0.6526442307692307 0.08173076923076923 0.028846153846153848
1 0.5012019230769231 0.7139423076923077 0.08173076923076923 0.026442307692307692
1 0.5024038461538461 0.7776442307692307 0.08413461538461539 0.03125
1 0.5637019230769231 0.7728365384615384 0.04567307692307692 0.03365384615384615
1 0.6057692307692307 0.7716346153846154 0.04326923076923077 0.03365384615384615
1 0.6790865384615384 0.7704326923076923 0.08413461538461539 0.03125
1 0.7680288461538461 0.7644230769230769 0.07932692307692307 0.03125
1 0.8461538461538461 0.7632211538461539 0.07692307692307693 0.038461538461538464
1 0.9399038461538461 0.7584134615384616 0.08413461538461539 0.036057692307692304
1 0.5985576923076923 0.7391826923076923 0.07932692307692307 0.036057692307692304
1 0.5985576923076923 0.7091346153846154 0.07932692307692307 0.03125
1 0.5985576923076923 0.6790865384615384 0.08173076923076923 0.036057692307692304
1 0.5973557692307693 0.6490384615384616 0.08173076923076923 0.03125
1 0.5961538461538461 0.6201923076923077 0.07932692307692307 0.036057692307692304
1 0.59375 0.5901442307692307 0.07932692307692307 0.036057692307692304
1 0.59375 0.5564903846153846 0.07932692307692307 0.03125
1 0.6826923076923077 0.7055288461538461 0.08173076923076923 0.028846153846153848
1 0.6802884615384616 0.6466346153846154 0.07932692307692307 0.026442307692307692
1 0.6778846153846154 0.5853365384615384 0.07692307692307693 0.028846153846153848
1 0.6766826923076923 0.5264423076923077 0.07692307692307693 0.028846153846153848
1 0.5925480769230769 0.5276442307692307 0.07932692307692307 0.03125
1 0.5925480769230769 0.49759615384615385 0.07932692307692307 0.038461538461538464
1 0.5901442307692307 0.4651442307692308 0.08173076923076923 0.036057692307692304
1 0.5901442307692307 0.43509615384615385 0.07932692307692307 0.036057692307692304
1 0.5901442307692307 0.4050480769230769 0.07932692307692307 0.036057692307692304
1 0.5889423076923077 0.37259615384615385 0.07932692307692307 0.036057692307692304
1 0.5877403846153846 0.3425480769230769 0.08173076923076923 0.036057692307692304
1 0.5877403846153846 0.3173076923076923 0.07932692307692307 0.040865384615384616
1 0.5877403846153846 0.28725961538461536 0.07932692307692307 0.036057692307692304
1 0.5865384615384616 0.2548076923076923 0.07932692307692307 0.038461538461538464
1 0.5817307692307693 0.22115384615384615 0.08173076923076923 0.036057692307692304
1 0.6682692307692307 0.2247596153846154 0.07932692307692307 0.036057692307692304
1 0.671875 0.2860576923076923 0.07451923076923077 0.028846153846153848
1 0.6730769230769231 0.3449519230769231 0.07692307692307693 0.028846153846153848
1 0.6742788461538461 0.4050480769230769 0.07932692307692307 0.03125
1 0.6754807692307693 0.4651442307692308 0.07692307692307693 0.036057692307692304
1 0.7548076923076923 0.22596153846153846 0.08173076923076923 0.038461538461538464
1 0.7608173076923077 0.2608173076923077 0.0673076923076923 0.03365384615384615
1 0.8088942307692307 0.26322115384615385 0.03365384615384615 0.028846153846153848
1 0.8425480769230769 0.2620192307692308 0.036057692307692304 0.02403846153846154
1 0.8413461538461539 0.23677884615384615 0.03365384615384615 0.03125
1 0.7572115384615384 0.28725961538461536 0.07451923076923077 0.03125
1 0.7620192307692307 0.31850961538461536 0.07211538461538461 0.03125
1 0.7608173076923077 0.3485576923076923 0.07451923076923077 0.03125
1 0.7632211538461539 0.37740384615384615 0.07211538461538461 0.038461538461538464
1 0.7548076923076923 0.40865384615384615 0.07692307692307693 0.036057692307692304
1 0.7307692307692307 0.4387019230769231 0.03125 0.028846153846153848
1 0.7644230769230769 0.4375 0.038461538461538464 0.03125
1 0.7487980769230769 0.46634615384615385 0.07211538461538461 0.03125
1 0.7644230769230769 0.49399038461538464 0.0673076923076923 0.03365384615384615
1 0.9266826923076923 0.22596153846153846 0.08653846153846154 0.036057692307692304
1 0.9314903846153846 0.25600961538461536 0.08173076923076923 0.036057692307692304
1 0.9326923076923077 0.28846153846153844 0.07692307692307693 0.038461538461538464
1 0.9314903846153846 0.3137019230769231 0.07692307692307693 0.038461538461538464
1 0.9338942307692307 0.3425480769230769 0.07692307692307693 0.036057692307692304
1 0.9350961538461539 0.37259615384615385 0.07692307692307693 0.040865384615384616
1 0.9362980769230769 0.40384615384615385 0.07692307692307693 0.036057692307692304
1 0.9362980769230769 0.4338942307692308 0.07692307692307693 0.036057692307692304
1 0.9399038461538461 0.4639423076923077 0.08173076923076923 0.036057692307692304
1 0.9399038461538461 0.49278846153846156 0.08173076923076923 0.03125
1 0.9387019230769231 0.5180288461538461 0.08173076923076923 0.038461538461538464
1 0.9387019230769231 0.5504807692307693 0.08173076923076923 0.036057692307692304
1 0.84375 0.28846153846153844 0.07692307692307693 0.03125
1 0.8425480769230769 0.31490384615384615 0.07692307692307693 0.03125
1 0.8485576923076923 0.3425480769230769 0.08173076923076923 0.036057692307692304
1 0.8497596153846154 0.37259615384615385 0.08413461538461539 0.038461538461538464
1 0.8509615384615384 0.4026442307692308 0.08173076923076923 0.036057692307692304
1 0.8509615384615384 0.4338942307692308 0.07932692307692307 0.036057692307692304
1 0.8521634615384616 0.46274038461538464 0.07932692307692307 0.036057692307692304
1 0.8521634615384616 0.49278846153846156 0.08173076923076923 0.038461538461538464
1 0.8521634615384616 0.5228365384615384 0.08173076923076923 0.036057692307692304
1 0.8533653846153846 0.5528846153846154 0.08173076923076923 0.03125
1 0.8533653846153846 0.5829326923076923 0.08173076923076923 0.038461538461538464
1 0.8497596153846154 0.6105769230769231 0.08173076923076923 0.036057692307692304
1 0.8485576923076923 0.640625 0.08173076923076923 0.036057692307692304
1 0.8509615384615384 0.6694711538461539 0.08413461538461539 0.036057692307692304
1 0.8509615384615384 0.6983173076923077 0.08173076923076923 0.038461538461538464
1 0.8509615384615384 0.7283653846153846 0.08173076923076923 0.03125
1 0.7608173076923077 0.5252403846153846 0.07451923076923077 0.03125
1 0.765625 0.5540865384615384 0.06971153846153846 0.03125
1 0.7620192307692307 0.5829326923076923 0.07451923076923077 0.028846153846153848
1 0.7668269230769231 0.6129807692307693 0.07211538461538461 0.036057692307692304
1 0.7644230769230769 0.6454326923076923 0.07692307692307693 0.03125
1 0.7704326923076923 0.6742788461538461 0.07211538461538461 0.036057692307692304
1 0.765625 0.703125 0.08173076923076923 0.03125
1 0.7716346153846154 0.7331730769230769 0.07211538461538461 0.038461538461538464
1 0.9387019230769231 0.5793269230769231 0.08173076923076923 0.03125
1 0.9399038461538461 0.609375 0.08173076923076923 0.038461538461538464
1 0.9399038461538461 0.6370192307692307 0.07932692307692307 0.036057692307692304
1 0.9399038461538461 0.6670673076923077 0.07932692307692307 0.036057692307692304
1 0.9411057692307693 0.6971153846153846 0.07692307692307693 0.036057692307692304
1 0.9411057692307693 0.7295673076923077 0.07692307692307693 0.036057692307692304