1 0.02403846153846154 0.42908653846153844 0.04807692307692308 0.0985576923076923
1 0.07211538461538461 0.4411057692307692 0.10336538461538461 0.14182692307692307
1 0.1502403846153846 0.4266826923076923 0.10576923076923077 0.1466346153846154
1 0.23557692307692307 0.37259615384615385 0.11298076923076923 0.07692307692307693
1 0.3016826923076923 0.35697115384615385 0.1201923076923077 0.06971153846153846
1 0.1814903846153846 0.5 0.11057692307692307 0.1875
1 0.30649038461538464 0.5336538461538461 0.23317307692307693 0.2644230769230769
1 0.6971153846153846 0.5360576923076923 0.3293269230769231 0.43990384615384615
1 0.5 0.5612980769230769 0.3629807692307692 0.4326923076923077
1 0.4266826923076923 0.3786057692307692 0.20673076923076922 0.09134615384615384
1 0.3016826923076923 0.4026442307692308 0.21153846153846154 0.10336538461538461
1 0.9230769230769231 0.3245192307692308 0.13942307692307693 0.22355769230769232
1 0.875 0.3161057692307692 0.18990384615384615 0.21394230769230768
1 0.7920673076923077 0.27403846153846156 0.14903846153846154 0.11298076923076923
1 0.7259615384615384 0.28125 0.13701923076923078 0.1201923076923077
1 0.6778846153846154 0.2764423076923077 0.13221153846153846 0.10096153846153846
1 0.6237980769230769 0.2848557692307692 0.10817307692307693 0.0889423076923077
1 0.5757211538461539 0.28966346153846156 0.09134615384615384 0.09375
1 0.5841346153846154 0.34134615384615385 0.2091346153846154 0.0625
1 0.5300480769230769 0.2920673076923077 0.06009615384615385 0.06009615384615385
1 0.4951923076923077 0.2980769230769231 0.04326923076923077 0.055288461538461536
1 0.4651442307692308 0.30408653846153844 0.038461538461538464 0.05048076923076923
1 0.43990384615384615 0.3076923076923077 0.038461538461538464 0.055288461538461536