1 0.08653846153846154 0.2283653846153846 0.08173076923076923 0.10336538461538461
1 0.13701923076923078 0.265625 0.11298076923076923 0.1466346153846154
1 0.21394230769230768 0.2848557692307692 0.11538461538461539 0.15144230769230768
1 0.31490384615384615 0.27283653846153844 0.11538461538461539 0.08413461538461539
1 0.38100961538461536 0.2860576923076923 0.12259615384615384 0.07692307692307693
1 0.21153846153846154 0.36538461538461536 0.12259615384615384 0.19230769230769232
1 0.3112980769230769 0.4495192307692308 0.25 0.2764423076923077
1 0.6634615384615384 0.6153846153846154 0.3581730769230769 0.4543269230769231
1 0.4735576923076923 0.5552884615384616 0.3894230769230769 0.4519230769230769
1 0.484375 0.359375 0.20673076923076922 0.10576923076923077
1 0.36177884615384615 0.328125 0.21394230769230768 0.1201923076923077
1 0.9399038461538461 0.5180288461538461 0.1201923076923077 0.2283653846153846
1 0.9074519230769231 0.49278846153846156 0.18509615384615385 0.22596153846153846
1 0.8605769230769231 0.4182692307692308 0.15384615384615385 0.12259615384615384
1 0.7980769230769231 0.39663461538461536 0.14423076923076922 0.12740384615384615
1 0.7560096153846154 0.37259615384615385 0.13701923076923078 0.10817307692307693
1 0.7019230769230769 0.3581730769230769 0.11298076923076923 0.09615384615384616
1 0.6574519230769231 0.34134615384615385 0.09615384615384616 0.0985576923076923
1 0.6430288461538461 0.3918269230769231 0.20673076923076922 0.07932692307692307
1 0.6153846153846154 0.3245192307692308 0.0625 0.06490384615384616
1 0.5805288461538461 0.31490384615384615 0.04807692307692308 0.057692307692307696
1 0.5516826923076923 0.3076923076923077 0.04326923076923077 0.052884615384615384
1 0.5264423076923077 0.3004807692307692 0.04326923076923077 0.057692307692307696