1 0.3701923076923077 0.19831730769230768 0.052884615384615384 0.04326923076923077
1 0.36658653846153844 0.22956730769230768 0.05048076923076923 0.04567307692307692
1 0.32572115384615385 0.22235576923076922 0.04807692307692308 0.04326923076923077
1 0.34375 0.25240384615384615 0.08653846153846154 0.04807692307692308
1 0.34375 0.2824519230769231 0.0889423076923077 0.04326923076923077
1 0.3389423076923077 0.3125 0.09134615384615384 0.05048076923076923
1 0.3329326923076923 0.34615384615384615 0.0889423076923077 0.04326923076923077
1 0.3293269230769231 0.3737980769230769 0.0889423076923077 0.052884615384615384
1 0.3233173076923077 0.4050480769230769 0.09134615384615384 0.05048076923076923
1 0.31850961538461536 0.4362980769230769 0.09134615384615384 0.05048076923076923
1 0.3137019230769231 0.46634615384615385 0.09134615384615384 0.05048076923076923
1 0.3076923076923077 0.4951923076923077 0.09134615384615384 0.055288461538461536
1 0.3016826923076923 0.5288461538461539 0.0889423076923077 0.052884615384615384
1 0.296875 0.5576923076923077 0.0889423076923077 0.04326923076923077
1 0.2932692307692308 0.5877403846153846 0.08653846153846154 0.05048076923076923
1 0.28725961538461536 0.6201923076923077 0.0889423076923077 0.04807692307692308
1 0.28125 0.6490384615384616 0.09134615384615384 0.055288461538461536
1 0.24639423076923078 0.6742788461538461 0.052884615384615384 0.04326923076923077
1 0.24158653846153846 0.703125 0.05048076923076923 0.038461538461538464
1 0.29447115384615385 0.6814903846153846 0.055288461538461536 0.040865384615384616
1 0.28725961538461536 0.7103365384615384 0.052884615384615384 0.04326923076923077
1 0.27884615384615385 0.7451923076923077 0.057692307692307696 0.04807692307692308
1 0.35697115384615385 0.7572115384615384 0.08653846153846154 0.05048076923076923
1 0.3629807692307692 0.7247596153846154 0.0889423076923077 0.04807692307692308
1 0.36899038461538464 0.6959134615384616 0.0889423076923077 0.04807692307692308
1 0.375 0.6622596153846154 0.09134615384615384 0.05048076923076923
1 0.3798076923076923 0.6334134615384616 0.0889423076923077 0.052884615384615384
1 0.3858173076923077 0.6045673076923077 0.0889423076923077 0.04807692307692308
1 0.3918269230769231 0.5709134615384616 0.09134615384615384 0.055288461538461536
1 0.39783653846153844 0.5432692307692307 0.09134615384615384 0.052884615384615384
1 0.4050480769230769 0.5144230769230769 0.0889423076923077 0.04807692307692308
1 0.40865384615384615 0.4855769230769231 0.09134615384615384 0.055288461538461536
1 0.41346153846153844 0.453125 0.09134615384615384 0.055288461538461536
1 0.41947115384615385 0.4206730769230769 0.09134615384615384 0.05048076923076923
1 0.4254807692307692 0.38822115384615385 0.0889423076923077 0.04807692307692308
1 0.4254807692307692 0.3605769230769231 0.0889423076923077 0.04807692307692308
1 0.43028846153846156 0.3329326923076923 0.0889423076923077 0.04807692307692308
1 0.4362980769230769 0.3004807692307692 0.09134615384615384 0.05048076923076923
1 0.4411057692307692 0.27283653846153844 0.0889423076923077 0.04807692307692308
1 0.44591346153846156 0.24278846153846154 0.09134615384615384 0.052884615384615384
1 0.4519230769230769 0.20793269230769232 0.09134615384615384 0.052884615384615384
1 0.5444711538461539 0.22355769230769232 0.09134615384615384 0.05048076923076923
1 0.5336538461538461 0.2860576923076923 0.08413461538461539 0.040865384615384616
1 0.5228365384615384 0.34615384615384615 0.08413461538461539 0.040865384615384616
1 0.5132211538461539 0.40865384615384615 0.08413461538461539 0.04326923076923077
1 0.5036057692307693 0.46875 0.08173076923076923 0.04326923076923077
1 0.49399038461538464 0.5288461538461539 0.08173076923076923 0.040865384615384616
1 0.4831730769230769 0.5901442307692307 0.08413461538461539 0.04326923076923077
1 0.4723557692307692 0.6502403846153846 0.08413461538461539 0.040865384615384616
1 0.46033653846153844 0.7103365384615384 0.08413461538461539 0.038461538461538464
1 0.4495192307692308 0.7728365384615384 0.0889423076923077 0.04326923076923077
1 0.5108173076923077 0.7800480769230769 0.05048076923076923 0.040865384615384616
1 0.5516826923076923 0.7872596153846154 0.04807692307692308 0.040865384615384616
1 0.6237980769230769 0.8004807692307693 0.0889423076923077 0.04326923076923077
1 0.7127403846153846 0.8112980769230769 0.08413461538461539 0.04326923076923077
1 0.7896634615384616 0.8245192307692307 0.08173076923076923 0.04807692307692308
1 0.8822115384615384 0.8377403846153846 0.0889423076923077 0.04807692307692308
1 0.5516826923076923 0.7536057692307693 0.08413461538461539 0.04807692307692308
1 0.5564903846153846 0.7235576923076923 0.08413461538461539 0.04326923076923077
1 0.5625 0.6935096153846154 0.08413461538461539 0.04807692307692308
1 0.5673076923076923 0.6646634615384616 0.08413461538461539 0.04326923076923077
1 0.5709134615384616 0.6358173076923077 0.08413461538461539 0.04807692307692308
1 0.5757211538461539 0.6057692307692307 0.08413461538461539 0.04807692307692308
1 0.5805288461538461 0.5733173076923077 0.08413461538461539 0.04326923076923077
1 0.640625 0.7367788461538461 0.08413461538461539 0.040865384615384616
1 0.6490384615384616 0.6790865384615384 0.08173076923076923 0.038461538461538464
1 0.6586538461538461 0.6177884615384616 0.07932692307692307 0.040865384615384616
1 0.6682692307692307 0.5600961538461539 0.07932692307692307 0.040865384615384616
1 0.5865384615384616 0.5444711538461539 0.08413461538461539 0.04326923076923077
1 0.5913461538461539 0.5144230769230769 0.08413461538461539 0.05048076923076923
1 0.5961538461538461 0.4831730769230769 0.08413461538461539 0.04807692307692308
1 0.6009615384615384 0.453125 0.08413461538461539 0.04807692307692308
1 0.6057692307692307 0.4230769230769231 0.08413461538461539 0.04807692307692308
1 0.6117788461538461 0.3918269230769231 0.08413461538461539 0.04807692307692308
1 0.6153846153846154 0.36177884615384615 0.08413461538461539 0.04807692307692308
1 0.6213942307692307 0.33653846153846156 0.08413461538461539 0.052884615384615384
1 0.6262019230769231 0.3076923076923077 0.08413461538461539 0.04807692307692308
1 0.6322115384615384 0.27524038461538464 0.08413461538461539 0.05048076923076923
1 0.6334134615384616 0.24158653846153846 0.08653846153846154 0.04807692307692308
1 0.7175480769230769 0.2608173076923077 0.08413461538461539 0.04807692307692308
1 0.7091346153846154 0.3233173076923077 0.07932692307692307 0.040865384615384616
1 0.6995192307692307 0.38100961538461536 0.07932692307692307 0.040865384615384616
1 0.6887019230769231 0.4411057692307692 0.08413461538461539 0.04326923076923077
1 0.6778846153846154 0.5 0.08173076923076923 0.04567307692307692
1 0.8028846153846154 0.2800480769230769 0.08653846153846154 0.05048076923076923
1 0.8016826923076923 0.31490384615384615 0.07211538461538461 0.04567307692307692
1 0.8473557692307693 0.3269230769230769 0.038461538461538464 0.03365384615384615
1 0.8810096153846154 0.3317307692307692 0.040865384615384616 0.028846153846153848
1 0.8858173076923077 0.30649038461538464 0.038461538461538464 0.036057692307692304
1 0.7932692307692307 0.3401442307692308 0.07932692307692307 0.04326923076923077
1 0.7920673076923077 0.37259615384615385 0.07451923076923077 0.040865384615384616
1 0.7848557692307693 0.4014423076923077 0.07932692307692307 0.04326923076923077
1 0.7824519230769231 0.43028846153846156 0.07692307692307693 0.04807692307692308
1 0.7668269230769231 0.45913461538461536 0.07932692307692307 0.04567307692307692
1 0.7379807692307693 0.4831730769230769 0.03365384615384615 0.03125
1 0.7716346153846154 0.4891826923076923 0.040865384615384616 0.036057692307692304
1 0.75 0.5144230769230769 0.07451923076923077 0.040865384615384616
1 0.7608173076923077 0.5444711538461539 0.07211538461538461 0.04567307692307692
1 0.9627403846153846 0.3125 0.07451923076923077 0.04807692307692308
1 0.9639423076923077 0.34134615384615385 0.07211538461538461 0.04807692307692308
1 0.9615384615384616 0.375 0.07692307692307693 0.04807692307692308
1 0.9591346153846154 0.39903846153846156 0.08173076923076923 0.04807692307692308
1 0.9555288461538461 0.42788461538461536 0.08173076923076923 0.04567307692307692
1 0.9519230769230769 0.4579326923076923 0.08173076923076923 0.052884615384615384
1 0.9459134615384616 0.4879807692307692 0.07932692307692307 0.04567307692307692
1 0.9411057692307693 0.5180288461538461 0.08173076923076923 0.04567307692307692
1 0.9387019230769231 0.5480769230769231 0.08653846153846154 0.04807692307692308
1 0.9326923076923077 0.5769230769230769 0.08653846153846154 0.04326923076923077
1 0.9278846153846154 0.6009615384615384 0.08653846153846154 0.05048076923076923
1 0.9206730769230769 0.6322115384615384 0.08413461538461539 0.04807692307692308
1 0.8774038461538461 0.3581730769230769 0.07932692307692307 0.04326923076923077
1 0.8713942307692307 0.38341346153846156 0.08173076923076923 0.04326923076923077
1 0.8713942307692307 0.41225961538461536 0.08413461538461539 0.04807692307692308
1 0.8677884615384616 0.4411057692307692 0.0889423076923077 0.05048076923076923
1 0.8629807692307693 0.47115384615384615 0.08413461538461539 0.04807692307692308
1 0.8569711538461539 0.5024038461538461 0.08413461538461539 0.04807692307692308
1 0.8521634615384616 0.5300480769230769 0.08413461538461539 0.04807692307692308
1 0.8473557692307693 0.5600961538461539 0.08653846153846154 0.05048076923076923
1 0.8413461538461539 0.5901442307692307 0.08413461538461539 0.04807692307692308
1 0.8365384615384616 0.6189903846153846 0.08413461538461539 0.04326923076923077
1 0.8317307692307693 0.6490384615384616 0.08653846153846154 0.05048076923076923
1 0.8221153846153846 0.6754807692307693 0.08413461538461539 0.04807692307692308
1 0.8149038461538461 0.7043269230769231 0.08653846153846154 0.04807692307692308
1 0.8112980769230769 0.7331730769230769 0.0889423076923077 0.04807692307692308
1 0.8064903846153846 0.7620192307692307 0.08653846153846154 0.05048076923076923
1 0.8016826923076923 0.7908653846153846 0.08653846153846154 0.04326923076923077
1 0.7512019230769231 0.5745192307692307 0.07932692307692307 0.04326923076923077
1 0.75 0.6033653846153846 0.07451923076923077 0.040865384615384616
1 0.7415865384615384 0.6322115384615384 0.07932692307692307 0.040865384615384616
1 0.7403846153846154 0.6622596153846154 0.07692307692307693 0.04567307692307692
1 0.7319711538461539 0.6935096153846154 0.08173076923076923 0.04326923076923077
1 0.7319711538461539 0.7223557692307693 0.07451923076923077 0.04567307692307692
1 0.7223557692307693 0.75 0.08653846153846154 0.04326923076923077
1 0.7223557692307693 0.78125 0.07692307692307693 0.04807692307692308
1 0.9158653846153846 0.6610576923076923 0.08413461538461539 0.04326923076923077
1 0.9110576923076923 0.6911057692307693 0.08653846153846154 0.05048076923076923
1 0.90625 0.7175480769230769 0.08413461538461539 0.04807692307692308
1 0.9002403846153846 0.7475961538461539 0.08413461538461539 0.04807692307692308
1 0.8954326923076923 0.7776442307692307 0.08173076923076923 0.04567307692307692
1 0.8894230769230769 0.8088942307692307 0.08173076923076923 0.04567307692307692