1 0.06850961538461539 0.25841346153846156 0.07692307692307693 0.10096153846153846
1 0.12139423076923077 0.2920673076923077 0.10576923076923077 0.14182692307692307
1 0.19951923076923078 0.30528846153846156 0.10817307692307693 0.1466346153846154
1 0.29927884615384615 0.2860576923076923 0.11298076923076923 0.07932692307692307
1 0.36538461538461536 0.2956730769230769 0.1201923076923077 0.07211538461538461
1 0.203125 0.3858173076923077 0.11298076923076923 0.18990384615384615
1 0.3076923076923077 0.46274038461538464 0.23798076923076922 0.2668269230769231
1 0.6706730769230769 0.6045673076923077 0.33653846153846156 0.4423076923076923
1 0.47836538461538464 0.5564903846153846 0.36778846153846156 0.4375
1 0.47475961538461536 0.3605769230769231 0.20673076923076922 0.09375
1 0.34975961538461536 0.3389423076923077 0.21153846153846154 0.10576923076923077
1 0.9423076923076923 0.4879807692307692 0.11538461538461539 0.22596153846153846
1 0.9098557692307693 0.46153846153846156 0.18028846153846154 0.21634615384615385
1 0.8533653846153846 0.3942307692307692 0.15144230769230768 0.11538461538461539
1 0.7896634615384616 0.3762019230769231 0.13942307692307693 0.1201923076923077
1 0.7463942307692307 0.3557692307692308 0.13221153846153846 0.10096153846153846
1 0.6923076923076923 0.34375 0.10817307692307693 0.09134615384615384
1 0.6454326923076923 0.3317307692307692 0.09134615384615384 0.09375
1 0.6358173076923077 0.38221153846153844 0.2091346153846154 0.06490384615384616
1 0.6033653846153846 0.3173076923076923 0.06009615384615385 0.0625
1 0.5673076923076923 0.31009615384615385 0.04567307692307692 0.055288461538461536
1 0.5384615384615384 0.30408653846153844 0.038461538461538464 0.052884615384615384
1 0.5120192307692307 0.29927884615384615 0.040865384615384616 0.055288461538461536