1 0.29086538461538464 0.020432692307692308 0.125 0.040865384615384616
1 0.18870192307692307 0.03125 0.12740384615384615 0.0625
1 0.3137019230769231 0.042067307692307696 0.12740384615384615 0.08413461538461539
1 0.203125 0.0625 0.13701923076923078 0.125
1 0.12379807692307693 0.06009615384615385 0.06009615384615385 0.07451923076923077
1 0.27283653846153844 0.10697115384615384 0.23798076923076922 0.21394230769230768
1 0.3317307692307692 0.14783653846153846 0.13701923076923078 0.13221153846153846
1 0.2247596153846154 0.17668269230769232 0.0985576923076923 0.09134615384615384
1 0.34615384615384615 0.22235576923076922 0.14423076923076922 0.16105769230769232
1 0.24639423076923078 0.23677884615384615 0.14423076923076922 0.15625
1 0.11899038461538461 0.203125 0.1466346153846154 0.1778846153846154
1 0.125 0.12139423076923077 0.10096153846153846 0.11538461538461539
1 0.13822115384615385 0.24639423076923078 0.1346153846153846 0.13221153846153846
1 0.15144230769230768 0.30408653846153844 0.1346153846153846 0.1346153846153846
1 0.06850961538461539 0.3233173076923077 0.09615384615384616 0.11778846153846154
1 0.1141826923076923 0.390625 0.2283653846153846 0.23317307692307693
1 0.3173076923076923 0.3389423076923077 0.2403846153846154 0.2283653846153846
1 0.33413461538461536 0.40625 0.24519230769230768 0.22115384615384615
1 0.40865384615384615 0.4375 0.1346153846153846 0.125
1 0.36658653846153844 0.5168269230769231 0.25 0.24519230769230768
1 0.34975961538461536 0.609375 0.23076923076923078 0.21875
1 0.20552884615384615 0.5637019230769231 0.14903846153846154 0.17548076923076922
1 0.19230769230769232 0.48677884615384615 0.13942307692307693 0.14903846153846154
1 0.07211538461538461 0.46033653846153844 0.14423076923076922 0.17067307692307693
1 0.09254807692307693 0.5865384615384616 0.15144230769230768 0.17548076923076922
1 0.02403846153846154 0.59375 0.04807692307692308 0.1201923076923077
1 0.07211538461538461 0.6670673076923077 0.14423076923076922 0.1466346153846154
1 0.18990384615384615 0.6442307692307693 0.1346153846153846 0.14903846153846154
1 0.008413461538461538 0.5480769230769231 0.016826923076923076 0.1201923076923077
1 0.48677884615384615 0.9122596153846154 0.24278846153846154 0.17548076923076922
1 0.5300480769230769 0.9519230769230769 0.20432692307692307 0.09615384615384616