1 0.8473557692307693 0.29447115384615385 0.30528846153846156 0.31971153846153844
1 0.8317307692307693 0.47836538461538464 0.32211538461538464 0.29086538461538464
1 0.7980769230769231 0.6754807692307693 0.33653846153846156 0.27163461538461536
1 0.7800480769230769 0.8713942307692307 0.30528846153846156 0.25721153846153844
1 0.6141826923076923 0.3112980769230769 0.25240384615384615 0.27403846153846156
1 0.5877403846153846 0.47115384615384615 0.25 0.23798076923076922
1 0.421875 0.3389423076923077 0.1971153846153846 0.23798076923076922
1 0.4026442307692308 0.47836538461538464 0.19230769230769232 0.20673076923076922
1 0.2824519230769231 0.3581730769230769 0.17067307692307693 0.2091346153846154
1 0.25841346153846156 0.4951923076923077 0.17548076923076922 0.1971153846153846
1 0.16706730769230768 0.3737980769230769 0.14182692307692307 0.18269230769230768
1 0.140625 0.49759615384615385 0.1466346153846154 0.18028846153846154
1 0.11658653846153846 0.6201923076923077 0.14182692307692307 0.16105769230769232