1 0.8112980769230769 0.2247596153846154 0.28846153846153844 0.27403846153846156
1 0.8209134615384616 0.4098557692307692 0.2860576923076923 0.24759615384615385
1 0.828125 0.609375 0.30528846153846156 0.22355769230769232
1 0.8533653846153846 0.8100961538461539 0.27403846153846156 0.22355769230769232
1 0.5721153846153846 0.2920673076923077 0.21634615384615385 0.24278846153846154
1 0.5793269230769231 0.4543269230769231 0.21875 0.20432692307692307
1 0.390625 0.359375 0.16346153846153846 0.21394230769230768
1 0.40024038461538464 0.4987980769230769 0.16346153846153846 0.18269230769230768
1 0.25841346153846156 0.4074519230769231 0.13942307692307693 0.18990384615384615
1 0.26322115384615385 0.5444711538461539 0.1466346153846154 0.17548076923076922
1 0.14783653846153846 0.44591346153846156 0.11538461538461539 0.1658653846153846
1 0.14783653846153846 0.5721153846153846 0.1201923076923077 0.16105769230769232
1 0.1502403846153846 0.6971153846153846 0.1201923076923077 0.14182692307692307