1 0.47836538461538464 0.8786057692307693 0.15625 0.1658653846153846
1 0.23798076923076922 0.5060096153846154 0.057692307692307696 0.04326923076923077
1 0.2692307692307692 0.4855769230769231 0.09615384615384616 0.04807692307692308
1 0.21995192307692307 0.4831730769230769 0.007211538461538462 0.016826923076923076
1 0.21514423076923078 0.4831730769230769 0.009615384615384616 0.019230769230769232
1 0.14903846153846154 0.44350961538461536 0.028846153846153848 0.028846153846153848
1 0.25721153846153844 0.4543269230769231 0.036057692307692304 0.026442307692307692
1 0.22235576923076922 0.45552884615384615 0.028846153846153848 0.026442307692307692
1 0.2668269230769231 0.44471153846153844 0.057692307692307696 0.028846153846153848
1 0.27283653846153844 0.421875 0.02403846153846154 0.026442307692307692
1 0.296875 0.4182692307692308 0.03365384615384615 0.02403846153846154
1 0.31490384615384615 0.41586538461538464 0.03365384615384615 0.019230769230769232
1 0.31850961538461536 0.4338942307692308 0.06009615384615385 0.028846153846153848
1 0.35096153846153844 0.40865384615384615 0.019230769230769232 0.021634615384615384
1 0.37259615384615385 0.4074519230769231 0.03365384615384615 0.03125
1 0.4050480769230769 0.41346153846153844 0.03125 0.021634615384615384
1 0.38461538461538464 0.42908653846153844 0.0625 0.02403846153846154
1 0.34375 0.45552884615384615 0.07211538461538461 0.03125
1 0.35216346153846156 0.4735576923076923 0.0625 0.028846153846153848
1 0.37259615384615385 0.4855769230769231 0.038461538461538464 0.02403846153846154
1 0.41225961538461536 0.47716346153846156 0.04807692307692308 0.036057692307692304
1 0.39903846153846156 0.45913461538461536 0.04326923076923077 0.026442307692307692
1 0.4254807692307692 0.45072115384615385 0.016826923076923076 0.021634615384615384
1 0.4110576923076923 0.4387019230769231 0.07211538461538461 0.028846153846153848
1 0.4519230769230769 0.4699519230769231 0.038461538461538464 0.03365384615384615
1 0.4014423076923077 0.39663461538461536 0.028846153846153848 0.021634615384615384
1 0.4206730769230769 0.39663461538461536 0.016826923076923076 0.021634615384615384
1 0.43028846153846156 0.3942307692307692 0.014423076923076924 0.02403846153846154
1 0.4495192307692308 0.38822115384615385 0.021634615384615384 0.016826923076923076
1 0.4651442307692308 0.3858173076923077 0.01201923076923077 0.014423076923076924
1 0.49038461538461536 0.38341346153846156 0.03125 0.019230769230769232
1 0.5108173076923077 0.3798076923076923 0.02403846153846154 0.014423076923076924
1 0.9867788461538461 0.5420673076923077 0.026442307692307692 0.055288461538461536
1 0.9627403846153846 0.4567307692307692 0.07451923076923077 0.04807692307692308
1 0.8221153846153846 0.49038461538461536 0.09134615384615384 0.052884615384615384
1 0.7379807692307693 0.48197115384615385 0.08653846153846154 0.052884615384615384
1 0.7512019230769231 0.5144230769230769 0.06971153846153846 0.04807692307692308
1 0.8689903846153846 0.453125 0.07932692307692307 0.04326923076923077
1 0.8257211538461539 0.45552884615384615 0.019230769230769232 0.03125
1 0.7247596153846154 0.4074519230769231 0.036057692307692304 0.02403846153846154
1 0.7163461538461539 0.42908653846153844 0.055288461538461536 0.03365384615384615
1 0.7079326923076923 0.4567307692307692 0.03125 0.028846153846153848
1 0.7536057692307693 0.45072115384615385 0.07211538461538461 0.038461538461538464
1 0.7704326923076923 0.4182692307692308 0.016826923076923076 0.028846153846153848
1 0.8112980769230769 0.41225961538461536 0.07692307692307693 0.040865384615384616
1 0.921875 0.4387019230769231 0.04567307692307692 0.03125
1 0.6850961538461539 0.2824519230769231 0.02403846153846154 0.016826923076923076
1 0.7019230769230769 0.27884615384615385 0.016826923076923076 0.014423076923076924
1 0.7283653846153846 0.27403846153846156 0.02403846153846154 0.016826923076923076
1 0.7439903846153846 0.27283653846153844 0.009615384615384616 0.016826923076923076
1 0.75 0.27163461538461536 0.007211538461538462 0.01201923076923077
1 0.7644230769230769 0.2692307692307692 0.016826923076923076 0.014423076923076924
1 0.7752403846153846 0.26802884615384615 0.009615384615384616 0.01201923076923077
1 0.7836538461538461 0.265625 0.01201923076923077 0.014423076923076924
1 0.7956730769230769 0.2620192307692308 0.016826923076923076 0.014423076923076924