1 0.03485576923076923 0.42788461538461536 0.03365384615384615 0.016826923076923076
1 0.038461538461538464 0.44471153846153844 0.03125 0.016826923076923076
1 0.06610576923076923 0.4423076923076923 0.026442307692307692 0.016826923076923076
1 0.12259615384615384 0.4266826923076923 0.057692307692307696 0.019230769230769232
1 0.09254807692307693 0.42788461538461536 0.004807692307692308 0.019230769230769232
1 0.0889423076923077 0.4266826923076923 0.004807692307692308 0.019230769230769232
1 0.08533653846153846 0.4254807692307692 0.004807692307692308 0.019230769230769232
1 0.08173076923076923 0.4254807692307692 0.004807692307692308 0.019230769230769232
1 0.08052884615384616 0.4411057692307692 0.004807692307692308 0.019230769230769232
1 0.08533653846153846 0.4423076923076923 0.007211538461538462 0.019230769230769232
1 0.0889423076923077 0.44350961538461536 0.004807692307692308 0.019230769230769232
1 0.09134615384615384 0.44471153846153844 0.004807692307692308 0.019230769230769232
1 0.11298076923076923 0.44471153846153844 0.038461538461538464 0.016826923076923076
1 0.15504807692307693 0.44711538461538464 0.06490384615384616 0.01201923076923077
1 0.20072115384615385 0.4254807692307692 0.052884615384615384 0.016826923076923076
1 0.20432692307692307 0.43509615384615385 0.052884615384615384 0.007211538461538462
1 0.21995192307692307 0.45072115384615385 0.0673076923076923 0.021634615384615384
1 0.14182692307692307 0.4723557692307692 0.05048076923076923 0.038461538461538464
1 0.14182692307692307 0.5012019230769231 0.05048076923076923 0.04326923076923077
1 0.20552884615384615 0.4735576923076923 0.09615384615384616 0.036057692307692304
1 0.19230769230769232 0.45552884615384615 0.0889423076923077 0.004807692307692308
1 0.18509615384615385 0.453125 0.08413461538461539 0.004807692307692308
1 0.21033653846153846 0.5048076923076923 0.0889423076923077 0.03125
1 0.2824519230769231 0.44711538461538464 0.057692307692307696 0.021634615384615384
1 0.28966346153846156 0.46033653846153844 0.06490384615384616 0.019230769230769232
1 0.26322115384615385 0.48197115384615385 0.021634615384615384 0.02403846153846154
1 0.30528846153846156 0.47596153846153844 0.0673076923076923 0.021634615384615384
1 0.30528846153846156 0.4951923076923077 0.0673076923076923 0.021634615384615384
1 0.31009615384615385 0.5168269230769231 0.028846153846153848 0.03365384615384615
1 0.3473557692307692 0.47475961538461536 0.019230769230769232 0.01201923076923077
1 0.38100961538461536 0.45913461538461536 0.0625 0.019230769230769232
1 0.38341346153846156 0.4735576923076923 0.057692307692307696 0.01201923076923077
1 0.36778846153846156 0.49038461538461536 0.06009615384615385 0.021634615384615384
1 0.40625 0.4855769230769231 0.016826923076923076 0.019230769230769232
1 0.3942307692307692 0.5084134615384616 0.04326923076923077 0.026442307692307692
1 0.4326923076923077 0.5048076923076923 0.036057692307692304 0.021634615384615384
1 0.4326923076923077 0.5264423076923077 0.03125 0.021634615384615384
1 0.40384615384615385 0.5300480769230769 0.038461538461538464 0.02403846153846154
1 0.36658653846153844 0.5348557692307693 0.040865384615384616 0.026442307692307692
1 0.3485576923076923 0.5300480769230769 0.04807692307692308 0.026442307692307692
1 0.3737980769230769 0.5925480769230769 0.06490384615384616 0.06009615384615385
1 0.3954326923076923 0.5745192307692307 0.055288461538461536 0.026442307692307692
1 0.30649038461538464 0.5685096153846154 0.07211538461538461 0.06490384615384616
1 0.3317307692307692 0.5516826923076923 0.06971153846153846 0.03365384615384615
1 0.38822115384615385 0.5588942307692307 0.06009615384615385 0.026442307692307692
1 0.6766826923076923 0.5132211538461539 0.026442307692307692 0.021634615384615384
1 0.6826923076923077 0.5360576923076923 0.036057692307692304 0.028846153846153848
1 0.6911057692307693 0.5612980769230769 0.04326923076923077 0.028846153846153848
1 0.7127403846153846 0.5324519230769231 0.036057692307692304 0.028846153846153848
1 0.7451923076923077 0.5300480769230769 0.036057692307692304 0.026442307692307692
1 0.765625 0.5600961538461539 0.07932692307692307 0.03365384615384615
1 0.7175480769230769 0.578125 0.014423076923076924 0.014423076923076924
1 0.7067307692307693 0.6117788461538461 0.052884615384615384 0.038461538461538464
1 0.7439903846153846 0.6021634615384616 0.038461538461538464 0.026442307692307692
1 0.7139423076923077 0.6418269230769231 0.036057692307692304 0.036057692307692304
1 0.7524038461538461 0.6346153846153846 0.04326923076923077 0.040865384615384616
1 0.8064903846153846 0.5949519230769231 0.09134615384615384 0.04807692307692308
1 0.8125 0.6274038461538461 0.07932692307692307 0.040865384615384616
1 0.7776442307692307 0.5036057692307693 0.06009615384615385 0.02403846153846154
1 0.7427884615384616 0.5012019230769231 0.01201923076923077 0.02403846153846154
1 0.71875 0.5576923076923077 0.014423076923076924 0.03365384615384615
1 0.8870192307692307 0.5877403846153846 0.07211538461538461 0.04567307692307692
1 0.8870192307692307 0.6225961538461539 0.07211538461538461 0.026442307692307692
1 0.9002403846153846 0.578125 0.08173076923076923 0.036057692307692304
1 0.8774038461538461 0.5516826923076923 0.07692307692307693 0.03365384615384615
1 0.8197115384615384 0.5528846153846154 0.03125 0.021634615384615384
1 0.8365384615384616 0.5276442307692307 0.06009615384615385 0.026442307692307692
1 0.9663461538461539 0.609375 0.04567307692307692 0.03125
1 0.9867788461538461 0.5793269230769231 0.026442307692307692 0.03365384615384615
1 0.9567307692307693 0.5528846153846154 0.07211538461538461 0.040865384615384616
1 0.9675480769230769 0.5264423076923077 0.0625 0.03125
1 0.9314903846153846 0.4987980769230769 0.038461538461538464 0.026442307692307692
1 0.9038461538461539 0.5180288461538461 0.0673076923076923 0.036057692307692304
1 0.8473557692307693 0.5096153846153846 0.04567307692307692 0.03365384615384615
1 0.8713942307692307 0.49399038461538464 0.052884615384615384 0.019230769230769232
1 0.9194711538461539 0.49158653846153844 0.04807692307692308 0.021634615384615384
1 0.9651442307692307 0.49038461538461536 0.04326923076923077 0.02403846153846154
1 0.9915865384615384 0.48677884615384615 0.016826923076923076 0.02403846153846154
1 0.8737980769230769 0.41586538461538464 0.04326923076923077 0.02403846153846154
1 0.8341346153846154 0.4098557692307692 0.040865384615384616 0.021634615384615384
1 0.7872596153846154 0.4074519230769231 0.038461538461538464 0.021634615384615384
1 0.7560096153846154 0.4014423076923077 0.026442307692307692 0.016826923076923076
1 0.7223557692307693 0.3954326923076923 0.04326923076923077 0.019230769230769232
1 0.6129807692307693 0.36658653846153844 0.021634615384615384 0.01201923076923077
1 0.6286057692307693 0.36658653846153844 0.01201923076923077 0.01201923076923077
1 0.6454326923076923 0.36658653846153844 0.021634615384615384 0.01201923076923077
1 0.6610576923076923 0.36778846153846156 0.01201923076923077 0.01201923076923077
1 0.42427884615384615 0.5853365384615384 0.6322115384615384 0.5048076923076923
1 0.8329326923076923 0.40625 0.3293269230769231 0.17548076923076922