1 0.4519230769230769 0.8762019230769231 0.1466346153846154 0.15865384615384615
1 0.23798076923076922 0.4879807692307692 0.055288461538461536 0.038461538461538464
1 0.2704326923076923 0.4699519230769231 0.09375 0.04326923076923077
1 0.22235576923076922 0.4639423076923077 0.007211538461538462 0.016826923076923076
1 0.21754807692307693 0.46274038461538464 0.007211538461538462 0.019230769230769232
1 0.15384615384615385 0.41947115384615385 0.028846153846153848 0.028846153846153848
1 0.2620192307692308 0.4375 0.036057692307692304 0.02403846153846154
1 0.22596153846153846 0.4362980769230769 0.028846153846153848 0.02403846153846154
1 0.27163461538461536 0.42908653846153844 0.055288461538461536 0.02403846153846154
1 0.27884615384615385 0.40625 0.021634615384615384 0.026442307692307692
1 0.30288461538461536 0.4050480769230769 0.03125 0.021634615384615384
1 0.32211538461538464 0.4026442307692308 0.03365384615384615 0.016826923076923076
1 0.3233173076923077 0.421875 0.057692307692307696 0.026442307692307692
1 0.3581730769230769 0.39903846153846156 0.016826923076923076 0.021634615384615384
1 0.3798076923076923 0.39903846153846156 0.03125 0.03125
1 0.4110576923076923 0.40625 0.03125 0.019230769230769232
1 0.390625 0.4206730769230769 0.06009615384615385 0.019230769230769232
1 0.3473557692307692 0.44471153846153844 0.07211538461538461 0.026442307692307692
1 0.3545673076923077 0.46274038461538464 0.0625 0.02403846153846154
1 0.3737980769230769 0.47716346153846156 0.038461538461538464 0.021634615384615384
1 0.41346153846153844 0.47115384615384615 0.04567307692307692 0.03365384615384615
1 0.4014423076923077 0.4519230769230769 0.04326923076923077 0.02403846153846154
1 0.42908653846153844 0.44591346153846156 0.016826923076923076 0.021634615384615384
1 0.41586538461538464 0.4326923076923077 0.07211538461538461 0.02403846153846154
1 0.4543269230769231 0.46634615384615385 0.036057692307692304 0.03125
1 0.40865384615384615 0.3894230769230769 0.028846153846153848 0.019230769230769232
1 0.42788461538461536 0.3918269230769231 0.014423076923076924 0.021634615384615384
1 0.4375 0.3894230769230769 0.014423076923076924 0.021634615384615384
1 0.4579326923076923 0.38461538461538464 0.021634615384615384 0.016826923076923076
1 0.4735576923076923 0.38341346153846156 0.01201923076923077 0.014423076923076924
1 0.4987980769230769 0.38341346153846156 0.03125 0.016826923076923076
1 0.5192307692307693 0.38100961538461536 0.02403846153846154 0.01201923076923077
1 0.9855769230769231 0.5769230769230769 0.028846153846153848 0.052884615384615384
1 0.9639423076923077 0.49038461538461536 0.07211538461538461 0.04326923076923077
1 0.8221153846153846 0.5132211538461539 0.0889423076923077 0.04807692307692308
1 0.7391826923076923 0.4987980769230769 0.08653846153846154 0.04807692307692308
1 0.75 0.53125 0.0673076923076923 0.04326923076923077
1 0.8713942307692307 0.4795673076923077 0.07692307692307693 0.038461538461538464
1 0.828125 0.47836538461538464 0.016826923076923076 0.03125
1 0.7295673076923077 0.42427884615384615 0.03365384615384615 0.021634615384615384
1 0.7211538461538461 0.44350961538461536 0.052884615384615384 0.03125
1 0.7115384615384616 0.4723557692307692 0.028846153846153848 0.028846153846153848
1 0.7560096153846154 0.46875 0.06971153846153846 0.03365384615384615
1 0.7752403846153846 0.4375 0.014423076923076924 0.026442307692307692
1 0.8173076923076923 0.4338942307692308 0.07451923076923077 0.036057692307692304
1 0.9242788461538461 0.46875 0.04567307692307692 0.028846153846153848
1 0.6995192307692307 0.2956730769230769 0.02403846153846154 0.014423076923076924
1 0.7163461538461539 0.2932692307692308 0.014423076923076924 0.014423076923076924
1 0.7439903846153846 0.29086538461538464 0.02403846153846154 0.014423076923076924
1 0.7596153846153846 0.28966346153846156 0.009615384615384616 0.014423076923076924
1 0.765625 0.28966346153846156 0.004807692307692308 0.01201923076923077
1 0.7800480769230769 0.28846153846153844 0.016826923076923076 0.014423076923076924
1 0.7908653846153846 0.28846153846153844 0.009615384615384616 0.01201923076923077
1 0.7992788461538461 0.2860576923076923 0.01201923076923077 0.01201923076923077
1 0.8125 0.28365384615384615 0.016826923076923076 0.014423076923076924