1 0.9375 0.6514423076923077 0.08173076923076923 0.038461538461538464
1 0.8677884615384616 0.6346153846153846 0.07932692307692307 0.04567307692307692
1 0.8834134615384616 0.6165865384615384 0.036057692307692304 0.019230769230769232
1 0.9074519230769231 0.5985576923076923 0.057692307692307696 0.03365384615384615
1 0.8689903846153846 0.5853365384615384 0.0673076923076923 0.03125
1 0.8389423076923077 0.6069711538461539 0.0673076923076923 0.03365384615384615
1 0.8100961538461539 0.6165865384615384 0.02403846153846154 0.026442307692307692
1 0.7788461538461539 0.6045673076923077 0.04807692307692308 0.03365384615384615
1 0.7836538461538461 0.6298076923076923 0.03125 0.02403846153846154
1 0.7992788461538461 0.578125 0.03125 0.02403846153846154
1 0.765625 0.5721153846153846 0.040865384615384616 0.02403846153846154
1 0.7427884615384616 0.6225961538461539 0.05048076923076923 0.03125
1 0.7391826923076923 0.5997596153846154 0.040865384615384616 0.028846153846153848
1 0.7692307692307693 0.5901442307692307 0.08173076923076923 0.03125
1 0.7319711538461539 0.5625 0.03365384615384615 0.02403846153846154
1 0.7007211538461539 0.5661057692307693 0.0673076923076923 0.038461538461538464
1 0.6682692307692307 0.5889423076923077 0.07211538461538461 0.04567307692307692
1 0.6622596153846154 0.6165865384615384 0.06971153846153846 0.02403846153846154
1 0.6694711538461539 0.5637019230769231 0.07451923076923077 0.021634615384615384
1 0.6478365384615384 0.5504807692307693 0.04567307692307692 0.026442307692307692
1 0.5901442307692307 0.578125 0.09375 0.04567307692307692
1 0.5901442307692307 0.6117788461538461 0.08653846153846154 0.04326923076923077
1 0.5300480769230769 0.6069711538461539 0.04807692307692308 0.038461538461538464
1 0.5288461538461539 0.5733173076923077 0.038461538461538464 0.03125
1 0.5012019230769231 0.5733173076923077 0.028846153846153848 0.03125
1 0.48197115384615385 0.6298076923076923 0.026442307692307692 0.03365384615384615
1 0.4963942307692308 0.6021634615384616 0.03125 0.038461538461538464
1 0.5516826923076923 0.5492788461538461 0.09375 0.03365384615384615
1 0.4807692307692308 0.5372596153846154 0.038461538461538464 0.028846153846153848
1 0.6899038461538461 0.5096153846153846 0.038461538461538464 0.021634615384615384
1 0.6538461538461539 0.5036057692307693 0.038461538461538464 0.021634615384615384
1 0.6069711538461539 0.49399038461538464 0.03125 0.021634615384615384
1 0.5805288461538461 0.4891826923076923 0.026442307692307692 0.019230769230769232
1 0.5492788461538461 0.47836538461538464 0.04567307692307692 0.02403846153846154
1 0.48197115384615385 0.4699519230769231 0.021634615384615384 0.01201923076923077
1 0.49759615384615385 0.4723557692307692 0.009615384615384616 0.009615384615384616
1 0.4651442307692308 0.46634615384615385 0.014423076923076924 0.01201923076923077
1 0.14543269230769232 0.46875 0.06490384615384616 0.05048076923076923
1 0.09975961538461539 0.44711538461538464 0.038461538461538464 0.021634615384615384
1 0.10697115384615384 0.4375 0.04567307692307692 0.01201923076923077
1 0.16947115384615385 0.4495192307692308 0.019230769230769232 0.016826923076923076
1 0.057692307692307696 0.42427884615384615 0.0625 0.04567307692307692
1 0.025240384615384616 0.3942307692307692 0.03365384615384615 0.03365384615384615