1 0.9447115384615384 0.6286057692307693 0.07932692307692307 0.036057692307692304
1 0.8737980769230769 0.6153846153846154 0.07932692307692307 0.04326923076923077
1 0.8882211538461539 0.5961538461538461 0.036057692307692304 0.016826923076923076
1 0.9110576923076923 0.5769230769230769 0.057692307692307696 0.03125
1 0.8725961538461539 0.5661057692307693 0.06490384615384616 0.028846153846153848
1 0.8449519230769231 0.5889423076923077 0.0673076923076923 0.03125
1 0.8161057692307693 0.6009615384615384 0.021634615384615384 0.026442307692307692
1 0.7836538461538461 0.5901442307692307 0.04567307692307692 0.03125
1 0.7896634615384616 0.6141826923076923 0.03125 0.02403846153846154
1 0.8028846153846154 0.5625 0.03125 0.021634615384615384
1 0.7692307692307693 0.5588942307692307 0.040865384615384616 0.02403846153846154
1 0.7487980769230769 0.6105769230769231 0.05048076923076923 0.028846153846153848
1 0.7439903846153846 0.5865384615384616 0.038461538461538464 0.028846153846153848
1 0.7728365384615384 0.5757211538461539 0.08173076923076923 0.026442307692307692
1 0.7355769230769231 0.5504807692307693 0.03365384615384615 0.021634615384615384
1 0.703125 0.5552884615384616 0.06490384615384616 0.03365384615384615
1 0.6730769230769231 0.5793269230769231 0.07211538461538461 0.040865384615384616
1 0.6682692307692307 0.6081730769230769 0.06971153846153846 0.019230769230769232
1 0.671875 0.5540865384615384 0.07451923076923077 0.019230769230769232
1 0.6502403846153846 0.5432692307692307 0.04567307692307692 0.02403846153846154
1 0.59375 0.5733173076923077 0.09134615384615384 0.04326923076923077
1 0.5961538461538461 0.6069711538461539 0.08413461538461539 0.038461538461538464
1 0.5360576923076923 0.6045673076923077 0.04567307692307692 0.036057692307692304
1 0.5324519230769231 0.5721153846153846 0.038461538461538464 0.03125
1 0.5048076923076923 0.5721153846153846 0.026442307692307692 0.03125
1 0.4879807692307692 0.6310096153846154 0.02403846153846154 0.03365384615384615
1 0.5012019230769231 0.6021634615384616 0.028846153846153848 0.036057692307692304
1 0.5540865384615384 0.5456730769230769 0.09375 0.028846153846153848
1 0.4831730769230769 0.5384615384615384 0.036057692307692304 0.026442307692307692
1 0.6899038461538461 0.5 0.038461538461538464 0.019230769230769232
1 0.6538461538461539 0.4951923076923077 0.038461538461538464 0.021634615384615384
1 0.6069711538461539 0.4879807692307692 0.03125 0.019230769230769232
1 0.5793269230769231 0.4855769230769231 0.026442307692307692 0.019230769230769232
1 0.5480769230769231 0.47596153846153844 0.04326923076923077 0.021634615384615384
1 0.4807692307692308 0.47115384615384615 0.021634615384615384 0.01201923076923077
1 0.4963942307692308 0.4723557692307692 0.009615384615384616 0.009615384615384616
1 0.4639423076923077 0.46875 0.014423076923076924 0.01201923076923077
1 0.14423076923076922 0.48677884615384615 0.0625 0.04807692307692308
1 0.09735576923076923 0.46875 0.036057692307692304 0.019230769230769232
1 0.1045673076923077 0.4579326923076923 0.04567307692307692 0.009615384615384616
1 0.16706730769230768 0.4675480769230769 0.016826923076923076 0.014423076923076924
1 0.054086538461538464 0.44711538461538464 0.0625 0.04326923076923077
1 0.020432692307692308 0.41947115384615385 0.03125 0.03365384615384615