1 0.040865384615384616 0.3954326923076923 0.03365384615384615 0.019230769230769232
1 0.04326923076923077 0.41225961538461536 0.03125 0.019230769230769232
1 0.07091346153846154 0.41225961538461536 0.026442307692307692 0.019230769230769232
1 0.12860576923076922 0.4014423076923077 0.057692307692307696 0.021634615384615384
1 0.0985576923076923 0.39903846153846156 0.004807692307692308 0.019230769230769232
1 0.09495192307692307 0.39783653846153844 0.004807692307692308 0.019230769230769232
1 0.09134615384615384 0.39663461538461536 0.004807692307692308 0.019230769230769232
1 0.08774038461538461 0.39663461538461536 0.004807692307692308 0.019230769230769232
1 0.08533653846153846 0.41225961538461536 0.004807692307692308 0.019230769230769232
1 0.09014423076923077 0.41346153846153844 0.007211538461538462 0.019230769230769232
1 0.09375 0.41466346153846156 0.004807692307692308 0.019230769230769232
1 0.09615384615384616 0.41586538461538464 0.004807692307692308 0.019230769230769232
1 0.11778846153846154 0.4170673076923077 0.038461538461538464 0.019230769230769232
1 0.15985576923076922 0.4230769230769231 0.06490384615384616 0.014423076923076924
1 0.20673076923076922 0.4050480769230769 0.052884615384615384 0.019230769230769232
1 0.2091346153846154 0.41466346153846156 0.052884615384615384 0.009615384615384616
1 0.2247596153846154 0.43149038461538464 0.0673076923076923 0.02403846153846154
1 0.14423076923076922 0.44711538461538464 0.052884615384615384 0.040865384615384616
1 0.14302884615384615 0.47596153846153844 0.05048076923076923 0.04567307692307692
1 0.20793269230769232 0.453125 0.0985576923076923 0.038461538461538464
1 0.19591346153846154 0.43509615384615385 0.0889423076923077 0.007211538461538462
1 0.18990384615384615 0.43028846153846156 0.08413461538461539 0.007211538461538462
1 0.21033653846153846 0.484375 0.09134615384615384 0.03365384615384615
1 0.28725961538461536 0.4326923076923077 0.057692307692307696 0.02403846153846154
1 0.2932692307692308 0.44591346153846156 0.06490384615384616 0.021634615384615384
1 0.2644230769230769 0.46634615384615385 0.021634615384615384 0.02403846153846154
1 0.30649038461538464 0.46274038461538464 0.0673076923076923 0.02403846153846154
1 0.30649038461538464 0.48197115384615385 0.0673076923076923 0.02403846153846154
1 0.31009615384615385 0.5036057692307693 0.03125 0.03365384615384615
1 0.3485576923076923 0.4639423076923077 0.019230769230769232 0.01201923076923077
1 0.38461538461538464 0.45072115384615385 0.0625 0.021634615384615384
1 0.38461538461538464 0.4651442307692308 0.057692307692307696 0.014423076923076924
1 0.36899038461538464 0.4807692307692308 0.06009615384615385 0.02403846153846154
1 0.4074519230769231 0.4795673076923077 0.016826923076923076 0.019230769230769232
1 0.3942307692307692 0.5 0.04326923076923077 0.028846153846153848
1 0.4326923076923077 0.5 0.036057692307692304 0.021634615384615384
1 0.43149038461538464 0.5216346153846154 0.03125 0.02403846153846154
1 0.4026442307692308 0.5240384615384616 0.040865384615384616 0.026442307692307692
1 0.36538461538461536 0.5252403846153846 0.040865384615384616 0.026442307692307692
1 0.3473557692307692 0.5192307692307693 0.05048076923076923 0.028846153846153848
1 0.36778846153846156 0.5829326923076923 0.0673076923076923 0.0625
1 0.390625 0.5661057692307693 0.057692307692307696 0.028846153846153848
1 0.3016826923076923 0.5540865384615384 0.07451923076923077 0.0673076923076923
1 0.328125 0.5408653846153846 0.06971153846153846 0.036057692307692304
1 0.38461538461538464 0.5504807692307693 0.0625 0.028846153846153848
1 0.6754807692307693 0.5264423076923077 0.026442307692307692 0.02403846153846154
1 0.6790865384615384 0.5492788461538461 0.036057692307692304 0.028846153846153848
1 0.6862980769230769 0.5745192307692307 0.04567307692307692 0.028846153846153848
1 0.7103365384615384 0.546875 0.036057692307692304 0.028846153846153848
1 0.7427884615384616 0.5480769230769231 0.036057692307692304 0.026442307692307692
1 0.7608173076923077 0.578125 0.08173076923076923 0.036057692307692304
1 0.7115384615384616 0.5925480769230769 0.014423076923076924 0.014423076923076924
1 0.6983173076923077 0.6262019230769231 0.055288461538461536 0.040865384615384616
1 0.7355769230769231 0.6189903846153846 0.040865384615384616 0.028846153846153848
1 0.703125 0.65625 0.038461538461538464 0.036057692307692304
1 0.7427884615384616 0.6526442307692307 0.04567307692307692 0.04326923076923077
1 0.7992788461538461 0.6153846153846154 0.09134615384615384 0.05048076923076923
1 0.8028846153846154 0.6490384615384616 0.08173076923076923 0.04326923076923077
1 0.7764423076923077 0.5228365384615384 0.06009615384615385 0.026442307692307692
1 0.7415865384615384 0.5192307692307693 0.01201923076923077 0.02403846153846154
1 0.7139423076923077 0.5721153846153846 0.016826923076923076 0.03365384615384615
1 0.8798076923076923 0.6153846153846154 0.07451923076923077 0.04807692307692308
1 0.8774038461538461 0.6502403846153846 0.07451923076923077 0.028846153846153848
1 0.8942307692307693 0.6057692307692307 0.08413461538461539 0.038461538461538464
1 0.8725961538461539 0.5769230769230769 0.07932692307692307 0.036057692307692304
1 0.8149038461538461 0.5757211538461539 0.03125 0.02403846153846154
1 0.8341346153846154 0.5516826923076923 0.06009615384615385 0.028846153846153848
1 0.9567307692307693 0.6418269230769231 0.04567307692307692 0.03125
1 0.9819711538461539 0.6141826923076923 0.026442307692307692 0.03365384615384615
1 0.9519230769230769 0.5853365384615384 0.07451923076923077 0.04326923076923077
1 0.9651442307692307 0.5588942307692307 0.06490384615384616 0.03365384615384615
1 0.9302884615384616 0.5288461538461539 0.038461538461538464 0.028846153846153848
1 0.9014423076923077 0.546875 0.0673076923076923 0.038461538461538464
1 0.8461538461538461 0.5336538461538461 0.04807692307692308 0.03365384615384615
1 0.8713942307692307 0.5192307692307693 0.052884615384615384 0.021634615384615384
1 0.9194711538461539 0.5204326923076923 0.04807692307692308 0.02403846153846154
1 0.9651442307692307 0.5228365384615384 0.04326923076923077 0.026442307692307692
1 0.9903846153846154 0.5192307692307693 0.019230769230769232 0.02403846153846154
1 0.8786057692307693 0.4411057692307692 0.04326923076923077 0.026442307692307692
1 0.8389423076923077 0.4338942307692308 0.040865384615384616 0.02403846153846154
1 0.7920673076923077 0.42788461538461536 0.038461538461538464 0.02403846153846154
1 0.7620192307692307 0.41947115384615385 0.026442307692307692 0.016826923076923076
1 0.7283653846153846 0.4110576923076923 0.04326923076923077 0.021634615384615384
1 0.6225961538461539 0.375 0.021634615384615384 0.01201923076923077
1 0.6382211538461539 0.3762019230769231 0.01201923076923077 0.01201923076923077
1 0.6550480769230769 0.37740384615384615 0.021634615384615384 0.01201923076923077
1 0.6694711538461539 0.3786057692307692 0.01201923076923077 0.01201923076923077
1 0.4182692307692308 0.5805288461538461 0.6466346153846154 0.5264423076923077
1 0.8341346153846154 0.43028846153846156 0.3317307692307692 0.1875